240
0 4 116
0 5 114
0 11 123
0 44 120
0 55 117
0 68 130
0 87 124
0 112 117
0 119 125
0 123 112
0 159 122
0 188 122
1 29 118
1 43 131
1 82 127
1 86 122
1 106 117
1 119 123
1 131 116
1 143 125
1 152 127
1 178 128
1 180 129
1 183 127
1 239 110
2 5 119
2 6 132
2 8 130
2 25 121
2 33 117
2 50 115
2 56 131
2 89 127
2 103 130
2 107 118
2 110 130
2 117 115
2 133 112
2 144 132
2 152 111
2 154 126
2 155 122
2 162 125
2 185 117
3 18 126
3 19 131
3 57 108
3 75 119
3 110 112
3 139 123
3 144 111
3 155 114
3 162 125
3 167 113
3 178 124
3 182 110
3 194 126
3 236 111
4 1 131
4 24 126
4 32 118
4 62 123
4 100 130
4 112 117
4 113 125
4 139 114
4 160 131
4 195 119
4 218 111
4 220 120
4 226 121
5 39 131
5 67 125
5 125 115
5 136 117
5 138 110
5 180 114
5 184 125
5 219 118
5 225 117
5 232 108
6 8 124
6 11 114
6 46 119
6 83 116
6 95 109
6 98 114
6 110 114
6 165 128
6 187 120
6 197 111
7 18 124
7 20 128
7 36 110
7 95 114
7 115 122
7 125 131
7 145 131
7 157 121
7 215 121
8 1 109
8 7 128
8 25 129
8 37 126
8 52 117
8 55 123
8 57 125
8 72 120
8 94 117
8 96 120
8 106 116
8 118 115
8 125 126
8 129 122
8 172 129
8 173 110
8 187 119
8 234 117
9 4 122
9 70 123
9 85 129
9 104 130
9 105 132
9 109 121
9 153 126
9 165 128
9 184 127
9 190 112
9 205 109
9 223 111
9 229 119
10 9 125
10 11 127
10 17 111
10 68 132
10 85 124
10 91 116
10 105 127
10 110 132
10 136 129
10 143 125
10 154 116
10 180 120
11 9 127
11 52 129
11 81 108
11 83 125
11 115 129
11 166 127
11 169 131
11 201 115
11 218 108
11 226 115
12 35 129
12 52 121
12 60 113
12 65 121
12 83 128
12 85 120
12 136 123
12 155 129
12 165 117
12 169 110
12 191 119
12 221 117
13 16 127
13 36 123
13 60 131
13 70 109
13 90 131
13 92 109
13 109 123
13 139 111
13 151 119
13 159 108
13 182 113
13 187 116
13 200 114
13 202 126
14 10 126
14 60 116
14 146 131
14 172 123
14 186 128
14 202 131
14 208 113
14 233 109
15 9 131
15 108 118
15 110 114
15 122 112
15 129 120
15 133 108
15 157 132
15 160 123
15 172 128
15 181 110
15 188 124
15 191 118
16 13 125
16 21 110
16 30 112
16 50 115
16 90 109
16 154 128
16 166 114
16 185 113
16 209 123
16 230 132
17 18 121
17 32 108
17 52 111
17 145 119
17 166 130
17 174 115
17 189 119
17 192 125
17 229 129
17 236 126
17 238 123
18 75 127
18 111 115
18 113 109
18 120 131
18 150 110
18 176 126
18 232 119
18 234 118
19 32 131
19 34 124
19 47 112
19 88 114
19 91 120
19 94 129
19 98 118
19 104 126
19 121 120
19 127 114
19 134 127
19 146 110
19 167 117
19 188 126
19 192 112
19 205 126
19 214 117
20 8 121
20 13 117
20 37 117
20 40 110
20 44 119
20 59 114
20 74 115
20 81 116
20 92 120
20 120 124
20 138 128
20 157 116
20 189 130
20 203 128
20 213 128
20 239 118
21 14 129
21 44 119
21 54 120
21 100 123
21 109 119
21 133 115
21 152 113
21 154 122
21 175 128
21 177 127
21 183 128
21 196 130
21 239 124
22 42 110
22 46 121
22 66 118
22 79 113
22 109 121
22 124 130
22 128 127
22 159 124
22 185 131
22 198 114
22 199 117
22 218 129
23 18 125
23 55 111
23 61 111
23 64 122
23 77 124
23 91 113
23 124 126
23 131 128
23 153 109
23 167 110
23 176 112
23 213 109
23 222 120
24 3 111
24 12 119
24 37 108
24 46 116
24 129 109
24 134 130
24 143 125
24 185 128
24 203 114
24 207 124
24 236 121
25 0 115
25 31 126
25 69 118
25 79 121
25 80 117
25 90 112
25 120 117
25 121 132
25 132 119
25 135 127
25 139 122
25 144 131
25 150 129
25 159 118
26 13 117
26 54 110
26 61 127
26 102 123
26 110 125
26 154 120
26 155 112
26 184 128
26 195 127
26 213 118
26 230 130
27 9 128
27 63 121
27 73 126
27 81 131
27 106 120
27 143 126
27 144 123
27 165 119
27 176 120
27 185 108
27 200 122
27 237 114
28 10 124
28 14 128
28 16 112
28 40 118
28 50 126
28 56 121
28 59 131
28 63 118
28 73 110
28 113 118
28 115 118
28 123 121
28 149 118
28 152 129
28 163 131
28 164 127
28 170 124
29 11 120
29 25 109
29 61 121
29 76 127
29 80 124
29 160 114
29 186 132
29 226 125
29 236 118
30 2 108
30 5 121
30 21 114
30 56 131
30 91 131
30 116 115
30 129 127
30 163 110
30 178 121
30 180 115
30 200 122
30 235 119
31 9 127
31 27 132
31 39 130
31 45 128
31 80 123
31 93 117
31 140 123
31 146 132
31 150 118
31 183 113
31 212 121
31 226 128
32 2 128
32 14 122
32 17 121
32 29 120
32 53 129
32 60 114
32 89 126
32 163 109
32 175 112
32 238 110
33 46 126
33 51 111
33 52 129
33 79 130
33 94 112
33 97 122
33 165 123
33 178 115
33 180 128
33 215 114
33 217 112
34 45 123
34 60 113
34 94 111
34 97 122
34 108 115
34 110 127
34 130 126
34 152 128
34 176 123
34 182 115
34 190 126
34 200 119
34 206 115
34 211 124
34 212 128
34 223 128
35 28 108
35 44 124
35 83 118
35 110 128
35 127 132
35 164 117
35 176 119
35 179 116
35 211 112
35 228 127
36 0 127
36 10 121
36 11 118
36 20 118
36 50 120
36 54 128
36 106 114
36 119 110
36 131 112
36 148 114
36 195 110
36 199 131
37 21 125
37 55 129
37 76 113
37 82 122
37 135 130
37 150 121
37 156 130
37 182 126
37 191 132
37 204 118
38 34 123
38 41 126
38 43 127
38 95 130
38 119 125
38 137 125
38 139 123
38 151 126
38 160 118
38 162 116
38 198 110
38 200 108
38 214 122
38 236 109
39 19 132
39 76 113
39 112 119
39 127 130
39 184 119
39 198 131
39 239 123
40 4 121
40 35 132
40 45 126
40 78 120
40 84 115
40 101 121
40 111 124
40 113 116
40 169 132
40 188 125
40 208 120
40 217 125
41 12 118
41 14 111
41 35 108
41 38 115
41 42 131
41 62 127
41 70 132
41 79 111
41 116 127
41 117 115
41 151 132
41 165 109
41 169 119
41 174 131
42 36 122
42 55 126
42 57 110
42 72 125
42 77 132
42 81 112
42 84 111
42 92 125
42 107 111
42 132 112
42 135 119
42 149 113
42 171 121
42 181 118
42 183 127
42 205 116
42 221 132
43 1 115
43 13 127
43 29 125
43 32 111
43 78 124
43 79 122
43 92 126
43 100 127
43 106 110
43 112 121
43 149 109
43 156 125
43 168 118
43 180 129
43 219 115
43 225 124
44 0 120
44 16 111
44 40 111
44 67 131
44 78 115
44 82 127
44 85 130
44 98 112
44 101 121
44 110 128
44 134 110
44 144 119
44 151 132
44 181 132
44 184 124
44 202 124
44 235 125
45 63 132
45 65 119
45 116 113
45 118 122
45 121 124
45 126 125
45 194 118
46 12 122
46 42 131
46 51 119
46 70 111
46 72 120
46 74 115
46 114 125
46 115 124
46 138 111
46 167 113
46 229 112
47 7 126
47 15 129
47 20 124
47 118 116
47 120 130
47 129 108
47 131 112
47 141 130
47 158 115
47 181 113
47 193 112
47 197 128
47 198 119
47 206 118
47 218 116
48 57 130
48 93 125
48 94 114
48 138 111
48 146 116
48 185 129
49 21 120
49 23 113
49 62 122
49 90 111
49 98 108
49 102 110
49 108 117
49 117 132
49 140 109
49 146 108
49 153 121
49 185 132
50 13 120
50 20 118
50 43 116
50 68 128
50 69 113
50 89 120
50 133 114
50 153 110
50 168 120
50 174 132
50 175 125
50 181 120
50 214 121
50 219 113
51 2 112
51 10 131
51 26 112
51 28 121
51 44 112
51 49 121
51 83 130
51 89 125
51 93 115
51 113 113
51 119 125
51 124 118
51 143 127
51 170 120
51 185 123
51 203 122
51 226 120
52 5 108
52 11 114
52 22 122
52 38 118
52 50 110
52 67 118
52 68 118
52 69 125
52 79 110
52 86 108
52 91 115
52 100 110
52 117 130
52 118 117
52 123 132
52 141 129
52 147 110
52 172 119
52 179 118
52 220 119
52 221 125
53 1 123
53 7 116
53 18 120
53 145 125
53 170 128
53 181 108
53 218 112
54 23 127
54 27 109
54 30 111
54 34 119
54 43 128
54 50 127
54 95 110
54 127 127
54 170 124
54 174 112
54 185 125
54 221 117
54 222 124
55 25 121
55 26 115
55 42 110
55 44 130
55 97 119
55 107 115
55 110 110
55 114 131
55 149 108
55 150 126
55 176 132
55 185 132
55 189 113
55 235 119
56 0 115
56 85 112
56 92 119
56 130 108
56 140 114
56 161 123
56 194 123
56 227 117
56 233 124
57 6 130
57 27 112
57 53 116
57 76 128
57 96 117
57 98 116
57 128 112
57 134 120
57 149 112
57 173 125
57 223 111
57 225 129
57 233 110
57 237 116
58 1 131
58 42 113
58 68 129
58 72 111
58 98 115
58 118 124
58 138 116
58 179 116
58 185 116
58 197 131
58 202 119
58 212 128
58 221 128
58 223 127
58 231 130
59 1 119
59 86 132
59 90 128
59 121 127
59 123 123
59 165 125
59 185 126
59 187 130
59 205 125
59 213 121
59 216 118
60 8 116
60 39 108
60 96 130
60 142 128
60 144 120
60 187 125
60 188 108
60 196 130
60 224 121
61 56 119
61 64 114
61 76 117
61 116 111
61 122 114
61 132 126
61 157 113
61 166 124
61 168 110
61 177 117
61 208 116
61 223 132
61 229 119
62 1 125
62 9 108
62 14 121
62 19 109
62 28 124
62 48 119
62 98 128
62 124 119
62 148 125
62 161 126
62 166 127
62 170 128
62 210 121
63 67 132
63 103 114
63 113 111
63 114 123
63 118 132
63 127 119
63 129 110
63 140 116
63 145 128
63 156 117
63 159 117
63 197 111
63 227 129
63 238 113
64 46 118
64 103 131
64 172 132
64 202 126
64 206 117
65 44 128
65 62 122
65 110 131
65 116 108
65 122 116
65 157 109
65 179 117
65 184 130
65 210 115
65 226 115
66 20 112
66 36 124
66 40 132
66 88 118
66 91 132
66 107 124
66 115 116
66 117 132
66 126 124
66 131 112
66 155 112
66 168 116
66 198 132
66 233 113
67 25 117
67 53 118
67 73 125
67 74 117
67 84 126
67 99 132
67 110 108
67 115 109
67 118 114
67 148 125
67 174 109
67 179 121
67 218 117
68 10 115
68 37 110
68 72 129
68 78 127
68 79 128
68 108 108
68 111 108
68 150 120
68 230 129
69 8 120
69 33 119
69 42 110
69 58 124
69 64 114
69 80 126
69 84 129
69 96 118
69 101 121
69 110 113
69 112 123
69 114 132
69 128 130
69 198 120
69 220 128
70 29 125
70 31 130
70 73 127
70 96 108
70 99 122
70 100 132
70 119 120
70 123 117
70 126 116
70 145 123
70 156 108
70 170 112
70 172 130
70 174 131
70 189 123
70 207 113
71 79 115
71 82 128
71 84 129
71 94 132
71 108 120
71 154 119
71 157 113
71 159 119
71 182 124
71 185 114
71 206 115
71 214 124
71 219 109
71 222 131
72 25 114
72 32 115
72 38 116
72 60 120
72 62 124
72 89 112
72 91 113
72 94 108
72 119 124
72 122 108
72 127 115
72 135 125
73 8 127
73 43 125
73 48 125
73 92 125
73 97 108
73 126 126
73 150 123
73 176 111
73 180 124
73 194 120
73 196 123
73 216 116
74 22 128
74 26 128
74 55 118
74 71 118
74 80 126
74 91 113
74 95 125
74 121 122
74 131 129
74 139 132
74 193 113
74 212 108
74 223 114
74 238 120
75 13 118
75 20 117
75 43 128
75 82 124
75 96 125
75 102 109
75 121 129
75 163 118
75 174 126
75 197 111
75 238 122
76 7 110
76 26 118
76 29 112
76 54 132
76 82 112
76 88 126
76 90 114
76 100 124
76 101 130
76 110 128
76 118 131
76 119 118
76 125 132
76 126 129
76 137 123
76 148 123
76 151 127
76 192 113
76 196 108
76 203 121
77 30 115
77 42 129
77 59 132
77 96 116
77 136 128
77 139 128
77 152 118
77 238 129
78 7 109
78 32 109
78 51 117
78 52 122
78 71 117
78 80 130
78 106 125
78 108 121
78 116 125
78 119 130
78 161 109
78 162 112
78 181 125
78 190 110
78 196 114
78 197 116
78 198 125
78 227 128
79 2 123
79 30 109
79 36 114
79 38 109
79 58 115
79 78 113
79 85 132
79 108 112
79 115 124
79 179 116
79 201 126
79 210 129
79 239 126
80 7 114
80 15 130
80 18 109
80 27 110
80 81 125
80 103 115
80 104 122
80 111 111
80 119 122
80 174 127
80 213 132
81 36 120
81 37 111
81 52 131
81 91 125
81 97 115
81 110 113
81 117 120
81 128 124
81 149 130
81 153 128
81 164 122
81 222 116
81 230 129
81 238 109
82 19 120
82 41 125
82 54 117
82 77 115
82 78 126
82 84 113
82 133 110
82 154 110
82 225 120
83 5 114
83 14 122
83 29 113
83 36 109
83 85 118
83 91 122
83 106 122
83 108 112
83 121 129
83 123 115
83 176 122
83 183 111
83 184 112
83 194 121
83 195 122
83 206 119
84 9 118
84 30 110
84 31 128
84 33 117
84 61 126
84 68 132
84 102 130
84 114 121
84 121 123
84 124 128
84 126 131
84 144 109
84 183 123
84 186 111
84 201 109
84 226 120
84 228 120
84 233 110
84 238 110
85 91 128
85 105 112
85 121 119
85 132 122
85 177 119
85 211 123
86 40 110
86 89 108
86 94 128
86 104 126
86 122 112
86 140 120
86 233 129
87 15 125
87 26 114
87 29 112
87 40 117
87 54 108
87 78 126
87 121 110
87 132 121
87 145 121
87 162 128
87 163 129
87 196 121
88 0 117
88 22 120
88 31 121
88 61 123
88 69 120
88 152 115
88 159 113
88 177 115
88 203 110
88 213 118
88 234 124
89 16 127
89 18 128
89 24 119
89 51 131
89 62 113
89 91 113
89 96 123
89 103 108
89 115 118
89 124 128
89 135 126
89 161 117
89 180 124
89 210 130
89 214 123
89 228 116
89 234 112
90 1 112
90 12 130
90 30 130
90 41 113
90 57 117
90 81 115
90 120 123
90 149 110
90 152 130
90 167 112
90 168 125
90 193 119
90 226 109
91 15 124
91 17 132
91 26 124
91 28 112
91 48 119
91 76 115
91 88 129
91 103 108
91 121 116
91 169 120
91 201 115
91 228 111
91 234 113
92 1 121
92 30 132
92 57 122
92 68 123
92 77 110
92 117 123
92 121 120
92 125 109
92 149 119
92 152 111
92 203 115
92 217 124
92 218 110
93 0 123
93 2 113
93 15 129
93 139 108
93 146 115
93 192 132
93 206 120
93 216 129
93 232 131
93 239 132
94 25 132
94 35 111
94 48 117
94 58 118
94 69 123
94 80 120
94 88 131
94 101 111
94 108 124
94 133 128
94 136 131
94 149 122
94 161 120
94 163 118
94 165 129
94 207 121
94 219 111
95 8 112
95 33 126
95 104 110
95 106 111
95 155 108
95 174 127
95 225 121
95 233 132
95 237 120
96 17 129
96 19 108
96 23 109
96 36 122
96 137 116
96 143 132
96 149 112
96 154 124
96 160 118
96 162 116
96 189 128
96 223 114
96 225 116
97 11 130
97 14 115
97 68 110
97 87 126
97 89 111
97 98 125
97 133 132
97 162 129
97 239 112
98 66 121
98 78 112
98 107 109
98 124 112
98 126 112
98 132 112
98 135 122
98 164 125
98 204 130
98 211 116
98 230 131
99 9 119
99 27 112
99 37 128
99 39 131
99 41 126
99 65 125
99 68 124
99 103 111
99 116 113
99 124 117
99 136 128
99 152 122
99 159 109
99 164 117
99 185 121
99 208 124
99 213 120
99 216 112
100 0 128
100 16 113
100 20 113
100 28 110
100 30 124
100 31 109
100 32 112
100 61 108
100 70 118
100 103 124
100 128 132
100 207 115
100 210 127
100 219 112
100 227 108
100 236 132
101 37 118
101 89 111
101 98 111
101 109 113
101 124 110
101 150 129
101 168 116
101 184 119
101 199 127
101 213 112
101 224 125
101 237 118
102 12 112
102 21 120
102 30 115
102 36 124
102 43 111
102 57 117
102 90 116
102 93 124
102 107 118
102 146 113
102 155 132
102 200 127
102 216 116
102 220 121
102 232 129
103 25 108
103 30 121
103 60 108
103 68 114
103 125 114
103 136 112
103 171 123
103 173 127
103 214 122
103 227 110
103 232 129
104 42 132
104 82 124
104 113 121
104 157 111
104 161 124
104 196 109
105 7 124
105 28 121
105 44 109
105 56 125
105 76 108
105 113 124
105 135 118
105 138 108
105 147 128
105 163 132
105 204 117
105 213 109
105 224 129
106 3 119
106 56 126
106 67 123
106 93 119
106 112 111
106 124 120
106 143 127
106 153 118
106 154 126
106 172 121
106 196 117
106 197 114
107 56 108
107 69 117
107 78 120
107 84 109
107 115 124
107 116 130
107 141 109
107 144 130
107 162 112
107 175 115
107 180 116
107 182 108
108 18 112
108 30 115
108 66 119
108 81 116
108 126 125
108 155 124
108 159 130
108 187 125
108 189 111
108 223 110
108 224 129
108 228 114
108 234 118
109 18 109
109 27 117
109 56 126
109 79 115
109 106 132
109 108 108
109 124 128
109 126 121
109 132 126
109 158 130
109 166 128
109 222 131
109 228 122
109 236 115
110 7 123
110 14 120
110 53 127
110 92 109
110 106 111
110 109 111
110 134 122
110 139 119
110 144 130
110 155 114
110 160 110
110 174 112
110 178 127
110 209 131
110 219 128
110 227 119
111 96 121
111 104 111
111 116 114
111 127 123
111 134 129
111 171 118
111 190 123
111 211 120
112 24 128
112 68 118
112 69 132
112 80 110
112 97 129
112 107 108
112 118 111
112 176 125
112 197 121
112 209 108
113 24 118
113 32 124
113 43 115
113 100 115
113 118 108
113 122 111
113 123 127
113 152 122
113 161 109
113 175 128
113 186 120
113 189 130
113 192 110
114 31 111
114 41 122
114 67 116
114 76 116
114 100 128
114 126 117
114 134 129
114 137 131
114 158 116
114 164 124
114 187 129
114 231 119
114 237 115
115 14 121
115 24 130
115 37 115
115 60 122
115 209 109
115 211 108
115 230 118
115 236 121
115 239 131
116 31 116
116 65 118
116 75 113
116 78 126
116 87 111
116 96 122
116 98 110
116 102 122
116 108 113
116 121 120
116 125 108
116 135 121
116 143 119
116 167 114
116 178 120
116 184 109
116 211 113
116 236 110
117 15 123
117 27 130
117 37 108
117 46 110
117 101 119
117 108 119
117 155 120
117 173 128
117 219 123
118 0 126
118 24 121
118 35 128
118 39 119
118 41 129
118 60 115
118 90 114
118 105 110
118 141 129
118 165 112
118 173 121
118 174 119
118 213 112
118 214 117
118 221 108
118 238 120
119 8 117
119 28 121
119 43 124
119 47 109
119 72 115
119 87 120
119 104 126
119 109 116
119 110 111
119 124 110
119 148 131
119 153 122
119 159 127
119 173 120
120 6 116
120 17 115
120 27 115
120 103 110
120 107 128
120 165 109
120 182 115
120 226 126
120 237 122
121 17 108
121 20 123
121 22 121
121 37 116
121 58 113
121 61 128
121 63 126
121 76 116
121 113 112
121 122 125
121 128 115
121 165 122
121 176 122
121 222 113
121 234 111
121 237 115
122 19 122
122 48 121
122 59 114
122 64 130
122 73 127
122 76 130
122 79 122
122 80 112
122 127 126
122 143 128
122 159 122
122 170 124
122 183 127
122 189 120
122 203 127
122 226 108
123 79 119
123 96 123
123 98 121
123 112 113
123 137 115
123 156 126
123 167 117
123 175 111
123 183 109
123 190 112
123 194 109
123 201 126
123 210 113
123 231 127
123 238 125
124 1 109
124 8 132
124 13 111
124 16 122
124 37 126
124 38 130
124 43 128
124 54 127
124 70 110
124 116 111
124 133 121
124 145 124
124 151 114
124 192 108
124 197 115
124 213 122
124 238 124
125 28 118
125 31 131
125 44 127
125 48 109
125 138 130
125 147 122
125 160 120
125 221 125
125 225 125
126 0 117
126 32 116
126 37 132
126 38 108
126 39 117
126 43 110
126 45 130
126 59 112
126 60 119
126 84 121
126 91 123
126 117 116
126 141 132
126 200 130
126 219 126
127 24 124
127 55 127
127 66 112
127 68 114
127 87 123
127 95 129
127 117 117
127 163 125
127 165 126
127 174 123
127 215 132
128 33 123
128 43 112
128 58 132
128 101 112
128 108 115
128 116 108
128 119 112
128 130 131
128 145 124
128 147 112
128 177 122
128 204 115
128 227 120
129 34 124
129 36 111
129 59 132
129 95 113
129 132 129
129 149 125
129 174 123
129 207 128
129 218 127
129 229 129
130 7 126
130 24 128
130 86 122
130 139 119
130 157 113
130 168 120
130 172 118
130 180 114
130 182 128
130 193 127
130 214 110
131 7 121
131 15 128
131 42 130
131 68 117
131 82 114
131 87 129
131 88 122
131 128 129
131 170 123
131 207 122
131 220 108
132 33 118
132 44 128
132 69 117
132 98 132
132 100 110
132 148 109
132 159 132
132 163 122
132 188 109
132 204 109
132 212 121
132 214 122
132 226 115
132 232 120
133 34 117
133 60 122
133 74 119
133 97 114
133 207 123
133 215 120
133 225 108
134 19 116
134 30 130
134 100 124
134 129 126
134 130 130
134 137 108
134 141 112
134 155 111
134 164 125
134 223 113
134 239 108
135 48 118
135 149 122
135 160 123
135 181 111
135 183 129
135 185 132
135 217 129
135 220 111
136 25 127
136 89 112
136 94 124
136 102 111
136 135 121
136 159 113
136 206 130
137 1 121
137 18 129
137 30 119
137 61 114
137 64 122
137 98 128
137 105 132
137 108 110
137 113 113
137 124 115
137 177 124
137 187 127
137 215 130
137 218 128
138 30 122
138 36 131
138 48 108
138 64 110
138 65 124
138 81 123
138 105 130
138 113 118
138 183 128
138 195 129
138 212 128
138 213 110
138 233 132
139 36 123
139 38 115
139 56 124
139 77 127
139 99 132
139 106 112
139 178 109
139 188 118
139 198 116
139 222 116
140 38 121
140 60 123
140 61 110
140 72 119
140 84 111
140 88 128
140 90 110
140 91 122
140 125 117
140 129 129
140 147 117
140 179 108
140 211 126
140 215 115
140 225 119
141 16 124
141 24 111
141 29 128
141 31 122
141 47 125
141 64 118
141 102 118
141 158 122
141 159 126
141 171 110
141 214 129
141 228 132
142 9 109
142 27 127
142 39 122
142 87 129
142 145 129
142 214 127
142 229 110
143 2 117
143 5 115
143 16 116
143 17 117
143 55 129
143 161 111
143 172 132
143 195 124
143 207 109
143 213 127
143 234 132
143 235 130
144 5 127
144 19 114
144 30 112
144 33 124
144 43 115
144 73 131
144 106 123
144 110 122
144 112 120
144 114 118
144 124 116
144 126 126
144 151 120
144 173 132
144 184 130
144 211 130
145 18 124
145 41 114
145 66 111
145 84 113
145 88 120
145 91 117
145 125 124
145 126 123
145 132 126
145 146 123
145 156 125
145 195 132
145 221 117
146 12 125
146 46 132
146 48 122
146 50 126
146 69 124
146 79 128
146 124 115
146 130 115
146 135 108
146 172 132
146 181 115
146 211 118
146 213 118
147 25 126
147 30 128
147 60 113
147 62 129
147 86 128
147 87 120
147 115 113
147 131 110
147 134 111
147 142 121
147 176 108
147 182 113
147 211 118
147 216 117
148 39 123
148 60 114
148 90 109
148 96 129
148 113 129
148 150 113
148 157 108
148 170 113
148 187 108
148 217 116
148 224 120
148 230 113
148 234 111
149 9 108
149 20 132
149 22 110
149 58 118
149 61 127
149 65 126
149 75 119
149 79 132
149 91 114
149 113 125
149 134 115
149 154 112
149 156 132
149 182 124
149 192 122
149 199 122
149 219 129
149 236 121
150 5 132
150 31 118
150 32 119
150 65 132
150 110 110
150 115 121
150 131 111
150 169 122
150 180 127
150 186 110
150 216 124
150 229 114
150 232 116
151 40 131
151 46 113
151 86 132
151 136 116
151 143 108
151 144 129
151 213 120
151 216 116
151 217 121
152 12 111
152 31 114
152 73 130
152 90 128
152 94 115
152 115 119
152 156 108
152 158 122
152 174 110
152 217 126
153 2 118
153 4 110
153 15 122
153 19 123
153 107 115
153 113 110
153 122 132
153 149 111
153 168 129
153 172 116
153 174 129
153 186 126
153 210 118
154 8 129
154 29 114
154 52 125
154 100 125
154 125 123
154 178 108
154 226 126
154 230 109
155 35 113
155 48 125
155 56 114
155 64 120
155 68 130
155 86 118
155 127 129
155 147 113
155 161 131
155 177 131
155 189 125
155 192 127
155 198 113
156 11 118
156 17 128
156 74 109
156 106 116
156 108 124
156 115 110
156 198 124
156 203 118
156 215 131
156 232 112
157 22 126
157 23 118
157 33 132
157 37 108
157 83 112
157 84 112
157 107 112
157 132 115
157 138 119
157 140 123
157 170 116
157 177 130
157 193 128
157 206 108
157 220 110
157 221 118
157 224 118
158 16 124
158 20 116
158 38 119
158 45 120
158 55 113
158 62 130
158 71 121
158 79 113
158 104 109
158 109 132
158 117 113
158 120 132
158 171 125
158 176 118
158 182 127
158 188 113
158 227 114
158 231 112
159 5 121
159 22 125
159 31 128
159 41 114
159 48 119
159 84 109
159 91 111
159 106 113
159 173 111
159 191 124
160 9 127
160 37 119
160 46 120
160 95 127
160 138 125
160 141 112
160 149 121
160 209 131
160 231 114
160 232 130
161 40 120
161 42 129
161 96 132
161 140 115
161 144 128
161 184 128
162 42 108
162 83 132
162 84 123
162 97 110
162 99 120
162 115 132
162 130 111
162 135 119
162 166 113
162 170 130
162 172 127
162 191 120
162 215 124
162 216 123
163 18 118
163 110 131
163 144 110
163 146 121
163 147 121
163 170 115
163 183 121
163 191 119
164 7 121
164 64 109
164 76 123
164 107 132
164 152 130
164 171 117
164 198 108
164 199 121
164 202 109
164 229 131
165 39 116
165 41 119
165 42 130
165 74 127
165 82 108
165 83 124
165 105 115
165 112 122
165 149 109
165 157 109
165 161 121
165 170 123
165 221 130
165 228 117
165 229 115
165 231 110
166 2 127
166 7 113
166 38 132
166 43 108
166 59 123
166 60 111
166 74 117
166 93 108
166 123 125
166 158 123
166 160 108
166 169 128
166 175 131
166 187 116
166 196 124
166 198 129
166 207 110
166 218 119
166 239 116
167 1 124
167 8 122
167 52 109
167 70 118
167 122 122
167 129 120
167 130 109
167 146 131
167 159 130
167 164 129
167 235 117
168 1 129
168 7 117
168 33 110
168 34 116
168 55 132
168 84 115
168 90 109
168 126 124
168 182 120
169 1 129
169 6 114
169 17 117
169 29 126
169 31 127
169 32 126
169 64 129
169 71 129
169 116 114
169 144 122
169 147 108
169 168 112
169 181 132
169 189 131
169 195 118
169 200 131
169 211 108
169 213 110
169 222 130
169 226 117
169 236 110
170 31 112
170 33 117
170 43 118
170 100 130
170 106 132
170 130 108
170 167 127
170 223 130
170 234 131
171 5 123
171 40 108
171 55 127
171 68 127
171 86 122
171 112 110
171 136 114
171 138 127
171 203 109
171 220 120
171 230 125
171 231 121
172 2 115
172 7 132
172 20 129
172 51 119
172 78 129
172 183 121
172 184 114
172 196 123
172 205 129
173 7 119
173 25 110
173 38 119
173 136 117
173 180 113
173 186 116
173 199 117
173 233 119
173 238 113
173 239 113
174 5 129
174 19 115
174 54 109
174 91 131
174 137 129
174 236 109
175 1 116
175 11 113
175 91 114
175 92 116
175 121 110
175 171 132
175 184 110
175 189 113
175 197 113
175 214 115
176 15 114
176 70 111
176 73 110
176 80 117
176 93 127
176 109 112
176 125 127
176 151 123
176 177 120
176 191 130
176 192 127
176 205 132
176 218 129
177 38 122
177 39 130
177 47 122
177 68 110
177 71 132
177 112 113
177 132 110
177 139 116
177 200 119
177 209 124
177 210 124
177 226 121
178 25 114
178 29 127
178 53 116
178 58 109
178 93 118
178 130 125
178 138 109
178 140 114
178 148 130
178 177 110
178 182 113
178 195 125
178 196 113
178 209 108
178 223 117
179 4 113
179 40 125
179 91 118
179 95 121
179 100 126
179 113 117
179 117 128
179 128 121
179 131 119
179 151 110
179 157 127
179 163 127
180 72 127
180 88 132
180 112 114
180 120 127
180 134 127
180 161 110
180 162 121
180 174 111
180 196 132
181 1 113
181 108 124
181 117 109
181 154 123
181 164 128
181 174 119
181 205 122
181 216 132
181 217 128
181 236 129
182 15 114
182 42 121
182 68 128
182 76 125
182 83 115
182 119 109
182 130 113
182 144 126
182 203 116
182 204 111
182 225 116
182 238 123
183 23 130
183 46 125
183 53 125
183 79 130
183 91 121
183 99 108
183 111 126
183 115 119
183 127 120
183 152 117
183 154 118
183 159 115
183 193 114
183 197 119
183 219 123
184 23 130
184 77 115
184 88 109
184 142 114
184 162 127
184 237 118
185 0 112
185 37 127
185 77 130
185 78 112
185 135 119
185 213 124
185 214 117
185 227 121
185 229 111
185 234 114
185 239 111
186 0 121
186 8 128
186 42 114
186 85 112
186 86 131
186 100 129
186 109 124
186 151 111
186 158 129
186 160 130
186 184 131
186 191 108
186 199 114
186 203 112
186 205 132
186 210 120
186 221 128
186 231 119
186 233 129
187 17 127
187 22 108
187 28 111
187 43 126
187 76 122
187 79 114
187 96 115
187 130 125
187 155 129
187 191 111
188 0 119
188 2 127
188 6 109
188 16 115
188 18 109
188 37 113
188 47 125
188 49 127
188 68 128
188 74 109
188 77 127
188 80 125
188 118 130
188 157 127
188 171 113
188 196 127
189 5 112
189 10 116
189 16 114
189 19 128
189 49 110
189 50 130
189 104 132
189 139 125
189 142 110
189 172 112
189 209 108
189 212 124
189 219 129
190 15 127
190 29 108
190 35 126
190 42 112
190 83 120
190 87 111
190 90 116
190 99 127
190 104 121
190 105 115
190 121 128
190 188 110
190 191 131
190 201 129
190 209 118
191 10 115
191 24 114
191 39 109
191 50 118
191 84 120
191 85 121
191 88 125
191 98 126
191 99 110
191 133 124
191 140 131
191 165 108
191 213 124
191 224 109
191 239 119
192 17 118
192 26 111
192 48 130
192 57 124
192 68 116
192 138 120
192 151 125
192 174 123
192 187 118
193 20 109
193 31 114
193 40 112
193 55 118
193 87 132
193 105 109
193 134 124
193 136 123
193 141 112
193 145 126
193 158 124
193 163 128
193 168 119
193 179 110
193 198 108
193 203 110
193 235 122
194 19 123
194 21 123
194 27 129
194 74 123
194 90 123
194 95 130
194 103 122
194 157 123
194 167 122
194 173 129
194 221 125
194 232 121
195 9 128
195 12 125
195 48 108
195 56 111
195 68 116
195 91 116
195 188 131
195 193 122
195 230 126
196 2 128
196 17 122
196 23 128
196 39 129
196 86 132
196 101 127
196 102 120
196 123 122
196 158 129
196 177 126
196 215 122
196 227 115
196 235 114
197 3 115
197 6 108
197 35 114
197 51 129
197 56 111
197 83 130
197 89 109
197 96 113
197 103 119
197 115 121
197 121 114
197 132 111
197 145 110
197 152 114
197 178 111
197 185 118
197 223 129
198 6 110
198 7 127
198 30 110
198 31 109
198 41 110
198 55 130
198 66 120
198 76 129
198 104 121
198 107 122
198 119 123
198 146 128
198 161 111
198 192 117
198 195 131
198 197 119
198 200 114
198 201 128
198 203 118
198 205 129
199 8 121
199 131 118
199 132 121
199 143 130
199 155 116
199 173 111
199 182 109
199 185 123
199 188 132
199 193 116
199 208 112
200 42 116
200 57 123
200 73 125
200 79 122
200 120 132
200 135 118
200 161 127
200 207 112
200 215 115
201 25 118
201 27 112
201 34 124
201 61 131
201 83 122
201 99 115
201 112 126
201 133 114
201 134 114
201 152 111
201 164 129
201 172 131
201 219 129
201 232 118
202 21 123
202 27 116
202 33 111
202 41 109
202 43 111
202 100 116
202 132 118
202 144 111
202 162 130
202 170 110
202 198 119
202 203 119
202 223 111
202 232 117
203 0 112
203 2 126
203 79 114
203 90 125
203 112 126
203 118 128
203 120 129
203 121 124
203 128 125
203 134 126
203 172 127
203 190 115
203 214 116
203 226 128
203 227 111
203 236 132
203 237 128
204 4 117
204 11 109
204 75 111
204 86 117
204 107 109
204 166 108
204 202 111
205 68 132
205 80 131
205 107 132
205 134 112
205 139 131
205 144 129
205 151 111
205 156 122
205 189 113
205 193 131
205 212 111
206 21 124
206 22 123
206 24 110
206 26 129
206 45 124
206 61 131
206 91 126
206 95 120
206 137 118
206 184 129
206 185 113
206 211 118
206 231 128
207 30 118
207 57 113
207 72 119
207 108 119
207 115 125
207 172 128
207 188 113
207 219 117
207 233 113
208 17 132
208 66 123
208 101 115
208 107 130
208 112 109
208 119 127
208 127 111
208 138 110
208 171 132
208 173 123
208 175 123
208 197 121
208 207 116
209 16 124
209 17 121
209 18 114
209 22 112
209 52 130
209 56 122
209 128 131
209 171 121
209 202 108
209 223 112
209 232 112
210 8 112
210 16 116
210 36 108
210 53 110
210 82 127
210 83 111
210 112 128
210 151 132
210 191 124
210 214 129
210 226 122
211 25 120
211 30 125
211 65 108
211 83 127
211 92 120
211 116 129
211 149 127
211 183 121
211 212 120
211 213 112
211 215 112
211 216 118
211 218 130
212 10 114
212 15 126
212 32 130
212 52 111
212 81 109
212 96 111
212 108 111
212 153 132
212 166 129
212 174 127
212 188 128
212 191 108
212 238 108
213 5 110
213 31 127
213 91 116
213 93 131
213 101 121
213 104 125
213 121 132
213 157 121
213 195 132
213 225 121
213 229 108
213 231 111
213 237 122
214 0 124
214 13 116
214 84 120
214 114 124
214 144 118
214 181 123
214 235 112
214 237 119
215 31 128
215 41 123
215 52 123
215 97 109
215 132 120
215 136 120
215 159 126
215 166 110
215 219 115
216 21 108
216 35 123
216 45 112
216 69 115
216 74 124
216 83 115
216 125 111
216 126 124
216 149 132
216 158 129
216 233 117
217 87 132
217 111 132
217 141 111
217 166 118
217 181 127
217 190 125
217 208 126
217 215 125
217 216 112
218 14 109
218 23 114
218 30 132
218 35 112
218 36 129
218 44 132
218 71 112
218 90 114
218 99 122
218 123 126
218 145 121
218 151 129
218 154 126
218 168 118
218 177 124
218 184 131
218 192 111
218 225 112
219 3 132
219 39 119
219 49 127
219 99 119
219 134 116
219 142 119
219 149 121
219 156 123
219 162 128
219 165 115
219 178 132
219 184 126
219 195 126
219 202 126
219 233 117
220 45 129
220 48 109
220 126 126
220 144 128
220 164 129
220 182 119
220 191 108
220 204 122
220 214 118
220 225 132
220 230 129
221 11 113
221 13 130
221 23 121
221 34 110
221 42 127
221 45 129
221 59 126
221 80 109
221 82 119
221 117 115
221 121 127
221 147 121
221 152 118
221 182 118
221 193 131
221 214 114
221 225 111
222 4 110
222 27 124
222 44 118
222 50 124
222 92 111
222 100 131
222 108 128
222 123 114
222 126 121
222 128 131
222 142 123
222 210 125
222 214 122
222 218 125
223 1 117
223 14 128
223 39 130
223 61 127
223 65 109
223 115 113
223 128 123
223 129 115
223 134 120
223 150 117
223 180 124
223 192 108
223 200 109
223 204 115
223 206 110
223 237 117
224 4 114
224 9 121
224 37 127
224 40 120
224 42 118
224 62 123
224 108 128
224 130 111
224 147 112
224 150 118
224 155 113
224 156 115
224 161 117
224 162 114
224 175 128
224 178 111
224 194 118
224 199 124
224 201 115
224 212 112
224 232 113
224 237 111
225 11 119
225 32 108
225 56 129
225 80 112
225 94 118
225 126 108
225 137 130
225 143 126
225 175 126
225 183 131
226 0 110
226 12 109
226 17 129
226 18 117
226 23 123
226 58 129
226 76 111
226 115 112
226 156 111
226 164 128
226 179 124
226 184 118
226 204 120
226 217 115
226 227 110
226 239 125
227 29 113
227 49 132
227 55 132
227 59 121
227 86 109
227 146 117
227 176 115
227 197 110
227 211 115
228 26 112
228 38 118
228 44 116
228 100 132
228 102 115
228 147 132
228 152 115
228 170 114
228 180 114
228 223 123
228 237 115
229 6 119
229 26 118
229 33 122
229 70 123
229 91 131
229 123 110
229 124 113
229 138 115
229 139 123
229 182 119
229 190 114
230 19 130
230 98 114
230 102 123
230 119 126
230 144 112
230 156 130
230 174 108
230 187 128
230 191 118
230 195 110
230 225 129
231 3 112
231 4 117
231 15 119
231 16 116
231 56 114
231 78 111
231 87 117
231 127 123
231 135 113
231 152 113
231 165 131
231 179 120
231 181 116
231 198 119
232 12 124
232 28 122
232 62 124
232 77 117
232 92 129
232 99 109
232 205 120
232 211 117
232 237 118
233 7 129
233 8 131
233 15 131
233 28 127
233 37 127
233 90 130
233 99 125
233 109 128
233 112 130
233 116 123
233 121 126
233 128 120
233 144 108
233 158 125
233 180 119
233 181 115
233 193 130
233 201 124
233 203 108
233 211 127
233 217 119
234 15 124
234 28 111
234 33 115
234 38 114
234 39 115
234 93 109
234 94 110
234 131 131
234 164 108
234 181 121
234 191 115
234 196 112
234 204 131
234 207 114
234 235 132
235 21 108
235 36 115
235 52 118
235 63 124
235 74 118
235 173 113
235 195 118
235 204 118
235 220 108
236 1 125
236 3 110
236 6 122
236 8 116
236 16 125
236 21 119
236 28 124
236 36 109
236 50 127
236 56 118
236 90 115
236 102 115
236 109 130
236 110 120
236 119 110
236 156 125
236 164 119
236 184 128
236 192 128
236 195 118
236 201 128
236 211 117
236 215 113
236 226 132
236 232 115
237 22 114
237 34 121
237 41 123
237 46 125
237 55 127
237 63 121
237 73 129
237 76 123
237 102 121
237 149 112
237 173 112
237 182 119
237 186 127
237 191 117
237 203 120
237 226 115
238 1 122
238 39 111
238 72 111
238 76 130
238 95 125
238 136 109
238 158 121
238 164 129
238 167 109
238 176 123
238 218 120
238 231 113
239 1 122
239 3 117
239 41 120
239 66 116
239 71 111
239 159 108
239 183 119
239 184 128
239 189 121
239 195 123
239 211 118
239 218 127
239 223 130
