128
0 60 66
0 62 62
0 67 63
0 69 66
0 73 63
0 82 57
0 87 60
0 91 61
0 100 68
0 104 59
0 110 61
1 8 59
1 34 60
1 49 60
1 84 57
1 88 62
1 110 60
2 18 69
2 28 67
2 67 63
2 96 69
2 117 59
2 125 69
3 36 64
3 40 69
3 83 59
3 116 70
3 117 58
4 63 70
4 74 68
4 93 63
4 100 59
5 4 61
5 51 63
5 126 60
6 21 59
6 22 60
7 22 62
7 45 68
7 62 60
7 84 66
7 112 70
7 117 64
8 3 58
8 32 60
8 48 59
8 49 58
8 78 58
8 83 68
9 55 61
9 62 62
9 76 66
9 89 57
9 108 59
9 111 60
9 112 68
9 119 61
10 0 62
10 16 65
10 19 67
10 24 57
10 62 57
10 116 69
10 122 62
11 28 64
11 35 61
11 41 58
11 80 60
11 91 65
11 101 58
11 104 70
11 112 57
12 10 62
12 31 69
12 33 70
12 34 66
12 52 61
12 62 62
12 86 60
12 100 62
13 43 58
13 72 61
13 75 69
13 104 65
13 113 62
14 4 63
14 32 64
14 34 63
14 47 69
14 48 62
14 50 66
14 75 59
14 82 59
14 86 70
14 96 63
15 29 61
15 47 59
15 50 69
15 54 66
15 61 69
15 93 66
15 119 69
16 27 67
16 31 69
16 52 65
16 54 70
16 60 59
16 72 68
16 86 59
16 89 66
16 91 66
16 111 63
16 127 63
17 29 67
17 30 57
17 35 68
17 40 67
17 68 58
17 69 59
17 99 59
17 107 68
17 122 63
18 5 61
18 7 65
18 26 65
18 31 67
18 42 59
18 102 66
19 28 66
19 33 64
19 34 60
19 36 68
19 69 60
19 78 63
19 93 65
20 6 59
20 24 63
20 59 59
20 99 63
20 109 70
21 1 68
21 10 62
21 34 60
21 37 64
21 45 61
21 49 62
21 50 58
21 101 67
21 123 60
22 34 66
22 35 58
22 86 66
22 90 66
22 93 70
22 102 69
22 108 64
22 116 70
23 14 65
23 29 61
23 30 64
23 35 61
23 96 63
24 5 64
24 42 63
24 94 68
24 95 59
24 97 62
24 99 63
24 102 62
24 108 64
25 2 57
25 3 66
25 10 62
25 49 60
25 92 58
25 111 58
26 67 58
26 79 57
26 81 69
26 87 57
26 103 58
26 105 70
26 110 70
26 121 68
27 2 61
27 12 64
27 54 61
27 58 70
27 71 58
27 75 57
27 93 64
27 103 64
27 107 65
27 127 68
28 35 63
28 52 58
28 80 65
28 86 57
29 5 68
29 13 64
29 17 64
29 51 59
29 59 68
29 62 59
29 78 68
29 121 62
30 41 69
30 76 66
30 85 57
30 92 60
30 99 65
30 112 66
30 114 57
30 120 60
31 21 66
31 28 65
31 38 60
31 83 61
31 93 67
31 113 61
32 9 65
32 11 70
32 20 68
32 28 64
32 44 65
32 54 67
32 62 66
32 79 60
33 1 63
33 12 61
33 41 69
33 50 69
33 84 62
33 85 58
33 89 61
33 101 65
34 16 60
34 28 68
34 68 65
34 69 68
34 99 60
34 102 66
35 10 57
35 19 70
35 21 69
35 65 66
35 82 64
35 96 67
35 99 62
35 100 65
35 105 70
35 112 60
35 125 59
35 127 63
36 3 68
36 13 60
36 93 62
36 103 63
36 116 67
36 123 59
37 11 60
37 25 69
37 57 66
37 71 64
37 88 65
37 124 68
38 7 65
38 25 70
38 29 66
38 36 65
38 50 60
38 74 60
39 0 66
39 14 70
39 20 61
39 21 65
39 85 59
39 90 69
39 108 70
40 5 63
40 12 67
40 33 70
40 57 64
40 76 66
40 90 69
40 103 61
41 11 59
41 12 70
41 39 69
41 44 64
41 51 60
41 84 65
41 97 57
41 123 65
42 21 67
42 26 61
42 31 59
42 63 57
42 80 61
42 94 63
42 100 58
42 116 70
42 124 65
42 127 65
43 41 65
43 56 59
43 73 63
43 88 70
43 96 57
43 100 58
43 110 65
43 121 69
44 33 70
44 41 65
44 84 66
45 20 65
45 35 67
45 47 58
45 54 60
45 66 64
45 68 63
45 72 62
45 74 61
45 77 59
45 90 58
45 94 69
45 108 65
45 109 59
45 119 68
46 28 64
46 36 61
46 38 67
46 55 63
46 102 58
47 2 57
47 15 59
47 48 64
47 63 66
47 68 61
47 73 70
47 77 66
47 83 59
47 85 57
48 3 65
48 30 70
48 34 61
48 72 65
48 75 65
48 78 58
48 79 63
48 113 64
49 2 64
49 20 62
49 50 67
49 55 63
49 70 66
49 76 67
49 85 57
49 86 70
49 98 59
49 122 62
50 7 68
50 12 70
50 25 69
50 55 57
50 58 63
50 59 63
50 60 69
50 62 66
50 71 68
50 89 65
50 123 67
51 16 58
51 17 70
51 18 69
51 29 70
51 52 68
51 70 57
51 71 70
51 81 63
51 85 58
51 103 59
51 119 62
51 127 69
52 5 64
52 9 62
52 46 58
52 65 68
52 83 66
53 13 67
53 62 63
53 89 64
53 104 67
53 125 63
54 42 60
54 61 69
54 96 69
54 97 61
54 108 61
54 110 57
55 15 62
55 16 69
55 19 57
55 20 61
55 39 68
55 92 60
55 94 64
55 99 65
55 107 60
56 27 61
56 47 63
56 64 57
56 85 57
56 92 60
56 109 58
57 3 68
57 21 67
57 29 67
57 55 70
57 56 57
57 58 59
57 65 57
57 97 69
58 8 59
58 30 67
58 63 62
58 77 57
58 96 57
58 98 57
58 104 63
58 127 65
59 5 68
59 6 61
59 48 60
59 81 62
59 93 57
59 115 60
59 124 63
60 7 63
60 17 70
60 49 70
60 55 67
60 82 58
60 86 59
60 119 62
61 14 67
61 60 66
61 83 58
61 90 66
61 94 69
61 109 65
61 124 61
62 99 70
62 110 58
62 113 63
63 27 66
63 28 63
63 88 60
63 97 68
63 125 61
64 11 68
64 17 59
64 24 70
64 81 57
64 100 60
65 12 64
65 36 60
65 62 59
65 111 59
65 119 70
66 3 69
66 23 69
66 46 60
66 56 58
66 57 70
66 59 69
66 86 68
66 93 64
66 102 57
67 2 60
67 26 60
67 63 66
67 70 60
67 91 68
67 92 70
67 96 63
67 103 61
67 113 65
67 120 70
68 3 65
68 7 68
68 20 62
68 30 57
68 35 62
68 46 62
68 61 60
68 69 65
68 72 57
68 102 69
68 127 69
69 67 63
69 92 59
69 101 64
69 109 66
70 17 67
70 25 67
70 64 64
70 67 64
70 71 57
70 87 61
70 93 69
70 127 60
71 36 70
71 66 60
71 82 69
71 85 61
71 108 63
71 110 68
72 8 70
72 32 66
72 46 64
72 56 61
72 60 59
72 77 59
72 90 58
72 115 67
72 121 57
73 11 61
73 36 70
73 40 58
73 41 60
73 81 67
73 90 70
74 20 57
74 21 63
74 49 66
74 54 67
74 57 67
74 93 69
74 95 58
75 0 60
75 23 58
75 40 65
75 54 65
75 64 64
75 84 61
75 86 69
75 94 64
75 105 63
76 2 61
76 18 60
77 2 59
77 3 65
77 11 62
77 12 64
77 37 63
77 65 65
78 16 64
78 35 69
78 83 67
78 97 61
79 5 70
79 9 66
79 15 68
79 21 60
79 59 62
79 78 62
79 99 62
80 11 62
80 56 66
80 103 57
80 111 68
80 117 67
81 7 57
81 15 65
81 37 58
81 45 67
81 50 66
81 57 57
81 58 62
81 68 58
81 118 57
82 25 62
82 41 63
82 51 68
82 86 67
82 97 66
83 21 61
83 27 60
83 57 70
83 94 57
83 104 64
84 45 70
84 65 67
84 88 68
85 31 59
85 48 61
85 90 66
85 118 69
86 1 58
86 2 64
86 47 68
86 61 65
86 70 58
86 74 69
86 92 67
87 56 57
87 59 60
87 68 70
87 80 65
87 83 57
88 20 59
88 25 59
88 30 64
88 33 57
88 42 68
88 52 70
88 54 69
88 59 68
88 62 63
88 84 70
88 85 58
88 97 62
88 104 58
88 106 60
88 123 68
89 5 60
89 29 68
89 51 60
89 82 57
89 99 60
90 1 68
90 36 63
90 63 64
90 68 61
90 71 63
90 127 68
91 16 57
91 41 66
91 49 65
91 59 65
91 69 57
91 71 61
91 85 69
91 94 67
91 96 62
92 16 70
92 18 61
92 20 67
92 25 63
92 51 59
92 87 68
93 2 67
93 55 63
93 70 64
93 90 66
93 92 68
93 116 60
94 17 63
94 21 67
94 38 66
94 41 58
94 52 59
94 61 65
94 64 68
94 116 70
94 117 60
95 13 66
95 14 70
95 41 62
95 56 67
95 60 63
95 84 66
95 88 63
95 98 66
95 125 61
96 25 57
96 33 65
96 53 62
96 62 59
96 66 65
96 73 62
96 103 63
97 10 62
97 17 62
97 23 59
97 28 65
97 69 62
97 70 69
97 78 66
97 85 66
98 1 70
98 41 68
98 57 70
98 80 59
98 86 67
98 89 59
98 118 66
98 119 60
98 123 65
99 42 62
99 71 67
99 83 59
99 101 57
100 5 64
100 6 70
100 8 64
100 34 64
100 36 70
100 53 59
100 71 59
100 72 62
100 124 59
101 3 61
101 10 63
101 21 59
101 27 60
101 99 62
102 6 61
102 8 64
102 9 69
102 13 58
102 75 68
102 88 64
102 123 68
103 2 68
103 32 70
103 40 69
103 51 63
103 75 69
103 93 69
103 109 66
104 1 63
104 7 58
104 36 70
104 52 60
104 63 65
104 86 62
104 88 58
104 99 69
105 24 60
105 29 62
105 33 67
105 61 70
105 96 64
105 118 63
106 5 70
106 10 70
106 21 61
106 48 61
106 97 57
106 116 59
106 127 65
107 30 60
107 31 61
107 40 66
107 65 59
107 75 65
107 102 69
107 116 64
107 127 61
108 9 65
108 24 70
108 25 70
108 60 58
108 66 58
108 115 67
108 122 60
109 32 60
109 35 60
109 37 64
109 38 70
109 51 63
109 55 58
109 75 67
109 95 64
109 99 58
110 19 61
110 24 57
110 26 60
110 31 62
110 39 66
110 65 60
110 94 69
110 112 67
110 122 70
110 127 57
111 10 68
111 30 70
111 61 58
111 82 67
111 108 69
111 116 65
111 120 58
111 123 62
112 26 67
112 37 61
112 46 61
112 51 60
112 54 66
112 68 67
112 89 57
113 6 57
113 8 70
113 26 69
113 33 63
113 65 63
113 108 69
114 2 70
114 19 62
114 33 58
114 41 64
114 67 64
114 95 66
115 10 67
115 40 65
115 59 69
115 72 58
115 77 62
115 112 63
115 116 58
116 22 60
116 24 58
116 41 63
116 88 65
116 89 63
117 4 61
117 16 61
117 26 60
117 38 64
117 44 60
117 48 68
117 53 66
117 67 60
117 83 57
117 88 65
118 3 59
118 18 58
118 19 64
118 22 61
118 30 64
118 48 60
118 79 65
118 80 62
118 94 60
118 102 70
119 17 62
119 19 57
119 33 69
119 38 65
119 86 57
119 88 64
119 94 65
119 104 61
119 109 69
120 1 70
120 16 70
120 40 61
120 81 63
120 126 63
121 19 68
121 39 68
121 43 57
121 49 58
121 70 70
122 28 63
122 58 68
122 89 59
122 108 68
123 13 69
123 25 69
123 60 60
123 73 59
123 77 57
123 84 60
123 89 60
123 93 70
123 121 59
124 8 64
124 11 60
124 14 66
124 28 60
124 47 58
124 48 69
124 67 69
124 101 62
124 107 63
125 5 60
125 14 58
125 80 69
125 96 68
125 100 65
125 103 57
126 10 58
126 26 59
126 33 70
126 39 63
126 45 70
126 69 67
126 93 65
126 96 70
126 99 58
126 110 63
127 5 59
127 6 62
127 9 64
127 42 66
127 66 70
127 87 69
127 100 65
127 109 59
127 111 70
