32
0 10 14
0 24 14
1 4 14
1 20 14
1 26 15
2 19 16
3 30 16
4 16 17
5 19 17
5 23 14
5 25 17
6 21 15
6 28 14
7 1 15
8 0 16
8 6 15
8 21 15
8 28 15
9 8 14
10 20 17
10 31 17
11 16 17
12 3 17
12 14 16
12 25 17
13 23 15
15 12 14
15 14 16
16 24 17
16 25 14
17 11 16
18 11 14
19 7 14
19 14 16
19 17 15
19 22 16
20 5 14
20 9 15
20 30 14
21 1 17
21 4 16
21 6 17
21 10 15
21 19 14
21 25 15
22 6 15
22 31 14
23 8 16
24 5 14
25 0 15
25 1 14
25 14 15
25 30 14
26 4 14
26 6 14
26 9 14
26 20 16
26 27 14
27 3 17
27 23 15
27 24 15
27 31 14
28 6 16
28 19 16
28 31 14
30 8 14
31 22 17
