256
0 4 116
0 17 125
0 59 117
0 64 136
0 75 127
0 117 138
0 150 124
0 191 126
0 213 122
0 220 120
0 226 135
1 36 128
1 52 134
1 96 121
1 143 134
1 151 131
1 156 136
1 157 118
1 161 139
1 164 129
1 168 125
1 170 138
1 180 129
1 184 134
1 192 125
1 226 138
1 235 132
1 250 120
2 16 123
2 49 140
2 79 125
2 99 118
2 104 127
2 135 115
2 196 138
2 206 140
2 241 130
2 242 137
2 252 122
3 53 136
3 54 121
3 60 135
3 100 118
3 125 125
3 126 116
3 130 124
3 135 124
3 160 129
3 248 118
3 254 128
4 29 136
4 32 139
4 33 119
4 81 133
4 91 126
4 119 131
4 189 117
4 191 136
4 198 121
5 41 117
5 43 119
5 53 138
5 63 136
5 104 125
5 123 124
5 145 117
5 168 136
5 173 140
5 175 126
5 189 124
5 212 123
5 225 115
5 236 118
5 238 138
6 18 123
6 19 138
6 29 137
6 32 140
6 43 118
6 88 126
6 108 120
6 142 124
6 143 129
6 160 119
6 169 138
6 189 122
6 199 117
7 0 127
7 8 124
7 20 129
7 82 122
7 90 122
7 100 126
7 107 120
7 124 131
7 140 125
7 192 135
7 208 130
7 234 134
7 253 139
8 11 137
8 12 122
8 16 133
8 75 119
8 82 138
8 101 124
8 120 117
8 140 130
8 163 122
8 174 136
8 175 140
8 178 116
8 197 122
9 27 119
9 42 123
9 62 121
9 64 136
9 115 117
9 134 133
9 135 116
9 164 128
9 168 116
9 172 137
9 173 116
9 195 131
9 207 131
9 222 121
9 224 117
9 226 115
9 236 139
10 7 137
10 25 126
10 55 125
10 63 121
10 109 128
10 168 115
10 171 133
10 207 135
10 250 116
11 16 137
11 17 126
11 27 134
11 50 115
11 65 137
11 86 118
11 88 135
11 106 121
11 134 120
11 143 136
11 175 118
11 178 128
11 220 124
11 236 139
12 8 133
12 22 126
12 43 140
12 111 133
12 121 118
12 128 131
12 133 120
12 159 125
12 165 118
12 169 136
12 182 138
12 198 119
12 213 123
12 224 130
12 228 136
12 233 119
12 245 115
12 248 115
12 249 126
13 2 118
13 3 133
13 7 120
13 93 139
13 128 122
13 142 120
13 165 117
13 170 120
13 177 131
13 182 124
13 205 135
13 212 135
13 220 120
13 237 126
14 5 138
14 39 129
14 46 120
14 55 115
14 58 121
14 70 133
14 83 120
14 116 136
14 126 136
14 147 127
14 149 137
14 153 122
14 176 136
14 181 123
14 208 134
15 7 132
15 12 125
15 13 137
15 54 123
15 79 122
15 108 120
15 113 130
15 143 140
15 151 129
15 159 135
15 193 121
15 217 124
15 223 128
15 236 117
15 248 129
16 75 126
16 91 134
16 111 117
16 115 115
16 133 134
16 138 132
16 155 129
16 158 123
16 201 115
16 213 136
16 218 126
16 229 136
16 243 117
16 249 121
16 254 128
17 5 131
17 53 115
17 64 135
17 67 124
17 90 126
17 94 127
17 127 135
17 135 139
17 165 120
17 179 121
17 184 139
17 219 133
17 220 140
17 240 124
17 246 125
18 32 136
18 36 134
18 99 131
18 118 117
18 134 116
18 139 126
18 165 117
18 182 129
18 223 136
18 234 119
18 240 116
18 253 116
18 254 117
19 1 134
19 32 129
19 36 134
19 68 124
19 80 120
19 119 118
19 133 136
19 138 128
19 153 134
19 199 140
20 16 132
20 33 123
20 69 120
20 97 125
20 118 140
20 144 126
20 149 128
20 156 130
20 183 140
20 232 137
20 236 130
21 7 122
21 34 124
21 36 134
21 60 135
21 63 126
21 97 129
21 140 116
21 153 131
21 157 131
21 188 123
21 191 122
21 192 127
21 195 133
21 249 123
22 5 138
22 56 125
22 80 117
22 92 119
22 106 128
22 108 135
22 114 129
22 120 115
22 135 123
22 168 128
22 202 132
22 234 117
22 236 121
23 35 116
23 44 140
23 72 131
23 86 116
23 110 115
23 135 116
23 137 119
23 166 116
23 226 122
24 1 125
24 9 116
24 33 120
24 85 132
24 94 129
24 97 129
24 128 134
24 176 117
24 204 125
24 205 124
24 218 131
25 15 124
25 16 132
25 83 129
25 100 139
25 108 136
25 124 121
25 129 138
25 130 140
25 141 121
25 143 117
25 144 121
25 157 139
25 159 131
25 161 123
25 165 116
25 191 139
25 206 131
25 241 120
25 244 133
25 249 129
26 3 123
26 12 140
26 25 136
26 28 132
26 38 121
26 47 126
26 111 127
26 150 138
26 154 130
26 178 140
26 201 119
27 0 116
27 99 118
27 122 127
27 136 117
27 145 137
27 160 138
27 163 135
27 169 127
27 173 126
27 183 131
27 211 130
27 220 131
27 232 132
27 236 135
27 246 133
28 67 116
28 98 137
28 105 116
28 109 140
28 125 133
28 139 131
28 154 129
28 160 125
28 168 117
28 187 135
28 194 116
28 245 131
29 7 130
29 28 129
29 73 132
29 82 122
29 90 134
29 127 135
29 140 133
29 144 115
29 153 140
29 181 118
29 192 127
29 212 135
29 252 140
30 80 135
30 120 134
30 126 126
30 135 117
30 140 122
30 146 131
30 168 125
30 169 123
30 170 116
30 219 116
31 15 139
31 46 136
31 59 137
31 89 133
31 91 119
31 153 129
31 159 140
31 183 128
31 188 116
31 189 130
31 192 129
31 213 139
31 224 128
31 225 115
31 254 130
32 77 129
32 98 128
32 110 119
32 130 121
32 160 132
32 179 127
32 183 138
32 234 140
32 240 128
32 241 119
33 14 137
33 19 124
33 20 119
33 48 132
33 70 117
33 78 115
33 89 140
33 100 116
33 125 117
33 134 130
33 135 128
33 153 138
33 189 135
33 203 132
33 209 116
33 228 125
33 245 131
34 85 120
34 103 130
34 108 120
34 174 128
34 234 133
34 247 136
35 0 124
35 18 140
35 48 130
35 71 121
35 135 123
35 153 133
35 157 117
35 197 124
35 206 140
35 214 135
35 217 121
35 227 131
35 231 133
35 249 126
36 2 139
36 22 125
36 26 133
36 37 116
36 47 132
36 107 128
36 119 134
36 127 115
36 190 123
36 204 116
36 230 117
36 241 122
37 47 130
37 51 118
37 70 119
37 73 124
37 75 130
37 129 138
37 151 131
37 167 137
37 248 120
38 24 135
38 35 127
38 49 137
38 58 125
38 78 120
38 83 119
38 122 118
38 145 140
38 160 124
38 191 138
38 216 136
38 223 118
38 231 138
38 234 124
39 17 133
39 63 126
39 67 129
39 72 122
39 105 127
39 117 121
39 132 133
39 168 131
39 169 136
39 191 139
39 229 130
39 253 139
40 25 138
40 26 116
40 42 134
40 50 118
40 57 122
40 72 116
40 80 119
40 87 140
40 88 115
40 160 126
40 165 126
40 192 115
40 204 129
40 234 127
40 241 119
41 2 116
41 39 138
41 74 134
41 77 137
41 85 115
41 91 116
41 92 121
41 94 121
41 106 132
41 134 123
41 154 117
41 173 116
41 183 139
41 184 131
41 199 123
41 221 117
41 225 133
41 242 132
42 32 139
42 45 123
42 54 139
42 55 117
42 58 127
42 103 128
42 118 133
42 154 139
42 160 123
42 212 118
42 252 124
43 11 129
43 16 140
43 28 136
43 30 139
43 37 128
43 42 138
43 46 127
43 69 137
43 80 119
43 83 132
43 94 127
43 97 136
43 106 122
43 134 127
43 157 122
43 206 124
44 17 134
44 48 129
44 55 122
44 56 117
44 91 132
44 186 137
44 189 116
44 192 139
44 201 133
44 202 118
44 218 140
45 1 127
45 9 133
45 22 136
45 25 123
45 64 126
45 86 116
45 88 129
45 93 115
45 96 119
45 100 117
45 101 136
45 131 133
45 136 122
45 138 117
45 167 117
45 189 122
45 193 121
45 194 125
45 216 130
45 238 137
45 245 119
45 249 127
46 3 136
46 6 120
46 60 129
46 64 118
46 90 132
46 96 118
46 132 137
46 236 116
46 246 137
47 16 119
47 54 120
47 58 127
47 91 135
47 97 138
47 125 127
47 133 120
47 172 126
47 221 136
48 2 124
48 20 126
48 30 125
48 57 117
48 65 136
48 70 131
48 85 140
48 91 119
48 102 121
48 126 131
48 127 128
48 136 125
48 184 124
48 192 132
48 217 119
48 232 133
48 235 128
48 243 125
48 250 133
49 2 140
49 16 137
49 18 140
49 51 117
49 72 124
49 86 140
49 95 125
49 112 118
49 172 128
49 178 134
49 189 134
49 205 136
49 209 127
49 221 117
49 222 120
50 8 138
50 42 117
50 63 125
50 68 118
50 72 140
50 89 135
50 106 127
50 121 137
50 181 135
50 209 122
50 241 124
51 4 124
51 11 119
51 17 125
51 21 122
51 25 134
51 57 139
51 81 119
51 102 124
51 106 136
51 118 128
51 130 132
51 141 139
51 142 133
51 151 129
51 169 137
51 181 116
51 210 137
51 217 122
52 4 130
52 20 132
52 27 137
52 62 137
52 84 136
52 97 126
52 106 120
52 107 134
52 126 125
52 140 136
52 159 119
52 176 137
52 222 116
53 32 125
53 34 126
53 60 135
53 79 134
53 117 117
53 118 121
53 120 122
53 159 140
53 162 116
53 246 121
54 13 138
54 19 116
54 77 134
54 95 131
54 187 136
54 190 115
54 193 118
54 194 115
55 9 120
55 27 132
55 29 121
55 46 121
55 47 139
55 91 135
55 93 128
55 101 136
55 125 129
55 147 139
55 168 122
55 172 127
55 184 139
55 185 134
55 198 138
55 200 115
55 207 124
56 1 132
56 3 137
56 7 130
56 14 118
56 45 120
56 47 130
56 68 140
56 123 128
56 142 124
56 160 136
56 183 121
56 207 129
56 239 134
57 19 129
57 33 118
57 40 123
57 105 117
57 144 126
57 157 119
57 175 123
57 178 130
57 195 138
57 209 132
57 252 116
58 7 127
58 10 140
58 15 134
58 25 134
58 65 140
58 76 117
58 82 126
58 97 133
58 141 138
58 177 140
58 179 137
58 194 127
58 233 138
58 238 121
58 243 116
59 0 140
59 1 127
59 3 117
59 19 132
59 79 132
59 103 135
59 130 132
59 148 127
59 152 116
59 160 140
59 184 124
59 206 139
59 229 125
59 249 127
60 8 134
60 23 134
60 39 117
60 101 125
60 108 132
60 122 131
60 143 133
60 192 117
60 242 134
60 243 132
61 6 117
61 71 131
61 76 118
61 135 122
61 138 122
61 161 129
61 185 134
61 191 128
61 193 133
61 206 115
61 216 130
61 226 123
62 19 127
62 42 140
62 72 119
62 87 139
62 89 136
62 90 124
62 92 123
62 94 128
62 99 137
62 127 124
62 135 138
62 147 140
62 188 116
62 190 125
62 239 136
63 9 118
63 25 115
63 28 135
63 40 126
63 43 119
63 67 119
63 69 122
63 103 140
63 157 119
63 160 131
63 186 130
63 211 128
63 218 137
63 219 135
63 236 124
64 30 120
64 70 135
64 75 138
64 79 124
64 109 120
64 147 116
64 181 118
64 235 129
64 250 124
64 255 129
65 15 135
65 33 137
65 55 122
65 132 123
65 134 127
65 141 119
65 153 130
65 158 128
65 163 125
65 235 136
66 35 125
66 63 134
66 90 116
66 93 130
66 98 126
66 162 118
66 168 138
66 171 121
66 172 139
66 214 122
66 245 121
67 48 122
67 83 122
67 108 128
67 209 136
67 215 135
67 227 131
68 3 136
68 28 135
68 125 131
68 128 137
68 148 127
68 154 140
68 158 121
68 185 120
68 237 132
68 239 135
69 7 118
69 14 121
69 16 127
69 44 125
69 101 129
69 115 121
69 118 128
69 128 115
69 136 139
69 141 140
69 156 135
69 172 117
69 179 131
69 190 133
69 230 132
69 254 131
70 11 135
70 36 139
70 60 137
70 62 122
70 100 129
70 110 135
70 131 137
70 147 133
70 152 138
70 164 121
70 181 119
70 210 118
70 221 117
71 20 122
71 32 121
71 39 133
71 86 118
71 97 125
71 115 131
71 137 134
71 147 126
71 150 119
71 151 138
71 209 133
71 215 116
72 7 122
72 14 137
72 23 119
72 51 122
72 77 129
72 93 115
72 96 120
72 128 120
72 139 116
72 153 127
72 158 128
73 26 131
73 51 134
73 56 127
73 83 128
73 138 123
73 173 130
73 176 119
73 186 132
73 199 118
73 201 119
74 26 115
74 45 120
74 62 124
74 93 124
74 144 131
74 154 135
74 192 135
74 209 115
74 231 129
74 238 139
74 241 132
74 243 135
75 33 139
75 37 136
75 79 118
75 87 135
75 109 117
75 241 140
75 255 138
76 9 116
76 29 120
76 58 132
76 78 138
76 102 131
76 111 140
76 123 135
76 192 131
76 199 139
76 213 123
76 214 118
76 235 119
76 253 132
77 21 129
77 38 133
77 53 120
77 91 129
77 132 139
77 139 135
77 146 126
77 151 130
77 195 121
77 199 140
77 218 138
77 246 121
77 251 122
78 46 126
78 70 123
78 74 133
78 90 138
78 92 132
78 139 127
78 234 136
79 19 136
79 43 122
79 50 130
79 71 116
79 80 123
79 104 136
79 115 126
79 119 131
79 137 127
79 143 122
80 1 128
80 61 129
80 76 135
80 78 118
80 88 118
80 91 126
80 110 130
80 114 137
80 127 120
80 128 130
80 184 138
80 206 132
80 209 116
80 242 139
81 10 125
81 18 136
81 44 123
81 54 139
81 59 135
81 68 138
81 79 118
81 86 125
81 91 138
81 176 116
81 190 116
81 238 115
81 249 116
81 255 118
82 7 119
82 65 130
82 78 121
82 84 134
82 96 120
82 139 133
82 161 139
82 171 139
82 190 132
82 210 117
82 234 138
82 242 121
83 1 132
83 38 124
83 44 134
83 50 130
83 53 116
83 77 134
83 78 136
83 126 123
83 134 138
83 136 116
83 138 139
83 179 117
83 183 132
83 216 122
83 228 134
83 235 136
84 27 117
84 109 138
84 127 115
84 145 115
84 146 134
84 162 119
84 169 117
84 217 135
85 0 136
85 11 115
85 23 133
85 40 118
85 52 116
85 64 134
85 92 132
85 119 128
85 129 136
85 200 138
85 223 118
85 233 134
86 2 133
86 12 120
86 43 118
86 48 122
86 57 123
86 68 126
86 71 124
86 92 126
86 96 131
86 154 131
86 167 118
86 177 140
86 179 120
86 197 131
86 217 116
87 4 140
87 18 119
87 25 115
87 27 131
87 36 131
87 50 128
87 61 120
87 84 121
87 128 123
87 145 127
87 215 132
87 217 127
87 237 123
87 251 137
88 7 119
88 29 140
88 30 131
88 32 138
88 43 140
88 57 123
88 62 131
88 72 121
88 114 123
88 115 131
88 136 140
88 142 135
88 176 137
88 191 129
88 198 124
88 221 137
88 222 120
88 224 130
88 248 115
88 252 135
88 253 118
89 35 128
89 44 135
89 62 128
89 80 126
89 88 134
89 95 135
89 124 118
89 147 120
89 155 118
89 172 127
89 184 127
89 185 135
89 197 116
90 20 128
90 117 129
90 146 129
90 147 132
90 198 139
90 205 117
90 208 122
90 212 129
90 216 138
90 223 125
90 230 130
90 238 120
90 241 128
91 1 126
91 33 133
91 44 122
91 64 138
91 68 122
91 94 136
91 166 122
91 182 132
91 223 123
91 225 129
92 1 117
92 24 120
92 28 121
92 56 132
92 64 135
92 67 118
92 73 116
92 91 127
92 140 124
92 201 131
92 243 126
93 20 127
93 28 124
93 40 136
93 56 126
93 81 128
93 117 131
93 139 138
93 156 115
93 168 125
93 183 119
93 221 120
93 233 137
94 55 117
94 61 132
94 62 140
94 66 129
94 82 133
94 87 117
94 91 134
94 114 122
94 117 125
94 129 135
94 145 128
94 156 131
94 163 123
94 189 115
94 195 117
94 230 128
94 238 127
94 239 119
95 0 122
95 23 129
95 29 123
95 39 126
95 74 123
95 81 116
95 112 132
95 133 130
95 151 118
95 165 117
95 172 115
95 190 124
95 215 117
95 231 136
96 2 124
96 48 127
96 77 134
96 130 129
96 146 128
96 156 138
96 163 140
96 194 121
96 196 134
96 207 134
96 218 140
96 236 125
96 237 124
97 12 120
97 31 137
97 73 118
97 80 137
97 87 127
97 91 127
97 114 129
97 115 122
97 122 130
97 176 136
97 230 133
98 16 117
98 71 132
98 72 122
98 73 137
98 78 125
98 84 118
98 94 121
98 108 139
98 113 124
98 130 130
98 132 126
98 159 131
98 184 131
98 188 126
98 196 119
98 231 130
98 254 139
99 48 126
99 56 135
99 67 115
99 102 123
99 108 129
99 116 135
99 154 129
99 163 134
99 190 139
99 213 120
99 219 121
99 238 115
100 15 138
100 18 135
100 23 135
100 35 119
100 37 120
100 55 130
100 57 116
100 75 130
100 85 129
100 101 131
100 117 131
100 130 140
100 139 132
100 147 119
100 156 119
100 195 119
100 215 122
100 237 116
101 33 128
101 42 123
101 59 135
101 67 137
101 68 130
101 89 123
101 120 131
101 128 135
101 137 118
101 139 116
101 155 123
101 161 137
101 198 123
101 217 120
101 223 116
101 247 126
102 13 119
102 20 138
102 26 136
102 75 121
102 140 136
102 174 129
102 221 134
102 245 118
103 12 138
103 70 117
103 88 118
103 182 116
103 183 123
103 198 116
103 210 127
103 217 125
104 19 126
104 67 124
104 73 130
104 108 134
104 116 132
104 122 136
104 140 132
104 170 120
104 194 128
104 213 134
104 220 120
105 3 117
105 9 131
105 12 116
105 15 125
105 43 131
105 48 133
105 49 131
105 56 137
105 82 135
105 120 127
105 156 128
105 168 119
105 170 130
105 172 117
105 173 137
105 178 139
105 183 120
105 204 127
105 213 119
105 234 124
106 22 121
106 23 116
106 26 127
106 31 128
106 46 127
106 86 120
106 143 135
106 153 129
106 158 127
106 225 119
106 230 126
106 233 135
106 240 137
107 7 115
107 44 126
107 48 137
107 57 138
107 78 123
107 122 119
107 133 134
107 146 130
107 167 133
107 199 134
107 220 124
108 7 126
108 62 126
108 76 119
108 88 121
108 96 132
108 106 140
108 129 124
108 205 119
108 206 136
108 210 123
108 234 130
108 250 118
109 43 132
109 63 121
109 68 129
109 88 131
109 147 128
109 172 138
109 187 121
109 190 125
109 194 134
109 196 130
109 201 125
109 212 116
109 220 116
109 229 135
110 18 121
110 47 130
110 62 127
110 86 127
110 132 123
110 133 122
110 145 122
110 180 120
110 201 125
110 205 116
110 215 118
110 216 126
110 249 139
110 250 131
110 255 120
111 15 118
111 40 120
111 47 117
111 83 128
111 147 139
111 153 134
111 157 135
111 161 122
111 175 136
111 194 131
111 201 120
111 245 139
111 253 125
112 1 119
112 24 121
112 27 138
112 33 122
112 47 137
112 79 125
112 93 132
112 131 132
112 154 123
112 235 134
113 26 120
113 33 125
113 107 119
113 133 133
113 161 123
113 184 124
113 191 128
113 207 130
113 212 120
113 216 125
113 232 115
113 252 136
113 253 128
114 34 122
114 92 137
114 97 139
114 110 125
114 119 134
114 133 123
114 142 138
114 155 139
114 196 138
114 215 126
114 231 128
114 242 135
114 253 128
115 9 116
115 14 139
115 19 129
115 21 120
115 23 118
115 25 137
115 71 119
115 82 129
115 96 128
115 105 134
115 121 118
115 154 139
115 163 138
115 209 115
115 211 130
115 238 132
115 246 123
115 249 115
115 250 136
115 251 120
116 14 137
116 102 115
116 118 123
116 119 127
116 123 115
116 147 130
116 156 131
116 169 135
116 175 120
116 177 126
116 185 134
116 217 115
116 225 115
116 234 128
116 238 117
117 11 140
117 21 120
117 49 132
117 159 138
117 183 115
117 202 124
117 213 125
117 242 121
118 23 123
118 44 138
118 48 119
118 52 117
118 75 115
118 87 138
118 93 123
118 117 122
118 168 122
118 224 130
119 26 135
119 39 134
119 86 132
119 94 140
119 103 129
119 105 129
119 128 134
119 138 125
119 174 123
119 208 117
120 6 123
120 42 120
120 48 137
120 55 136
120 65 117
120 92 118
120 119 121
120 145 117
120 168 120
120 170 134
120 182 123
120 226 139
120 234 138
120 239 125
120 251 132
120 255 120
121 8 139
121 26 137
121 33 134
121 42 125
121 65 139
121 91 129
121 103 138
121 116 139
121 117 118
121 120 119
121 133 119
121 157 119
121 172 140
121 191 122
121 208 120
121 242 126
122 33 140
122 58 127
122 98 119
122 109 138
122 117 124
122 162 121
122 180 133
122 194 115
122 204 131
122 224 130
122 226 138
123 8 128
123 15 123
123 77 127
123 156 118
123 161 122
123 200 135
123 203 127
123 206 140
123 207 129
123 218 132
123 241 140
124 67 120
124 84 133
124 110 119
124 142 122
124 163 133
124 176 124
124 200 138
124 224 135
124 246 126
124 252 130
125 6 119
125 21 123
125 71 129
125 135 123
125 150 131
125 200 134
125 230 130
125 243 136
125 251 123
126 23 136
126 30 138
126 55 116
126 77 139
126 81 129
126 89 130
126 130 125
126 135 140
126 159 129
126 188 117
126 250 121
126 254 125
127 11 118
127 86 120
127 126 126
127 150 135
127 165 134
127 182 130
127 190 124
127 192 139
127 239 118
128 23 134
128 27 137
128 56 124
128 58 127
128 61 128
128 68 139
128 75 133
128 106 132
128 110 133
128 122 138
128 155 124
128 240 128
129 17 116
129 24 124
129 93 135
129 96 134
129 106 138
129 110 120
129 146 140
129 149 134
129 158 123
129 164 124
129 196 120
129 239 120
129 253 121
130 36 133
130 54 137
130 68 133
130 72 117
130 76 139
130 95 125
130 122 137
130 125 130
130 131 120
130 139 128
130 144 121
130 153 119
130 165 118
130 169 137
130 208 127
130 219 126
130 228 134
130 239 131
130 240 127
131 28 122
131 56 133
131 80 118
131 82 121
131 105 118
131 112 138
131 149 133
131 154 140
131 169 126
131 173 124
131 197 116
132 7 140
132 23 135
132 28 117
132 30 124
132 82 135
132 93 127
132 94 140
132 115 134
132 129 139
132 133 117
132 151 128
132 154 140
132 177 138
132 200 116
132 221 129
132 233 137
133 16 140
133 23 125
133 52 128
133 87 140
133 111 120
133 117 120
133 118 138
133 120 135
133 135 133
133 139 132
133 148 118
133 156 122
133 178 121
133 191 140
133 195 120
133 200 119
133 217 131
133 218 124
133 242 120
134 28 140
134 32 122
134 74 131
134 79 131
134 135 139
134 167 121
134 172 116
134 210 121
134 253 120
135 4 138
135 7 124
135 8 124
135 66 123
135 81 137
135 95 135
135 109 137
135 111 127
135 117 126
135 145 139
135 147 129
135 150 122
135 151 129
135 155 129
135 162 115
135 165 118
135 202 130
135 245 120
136 1 131
136 24 138
136 60 115
136 66 117
136 73 119
136 93 129
136 114 140
136 118 134
136 156 136
136 167 123
136 176 120
136 186 128
136 217 115
137 3 131
137 5 132
137 37 118
137 38 128
137 89 115
137 152 127
137 155 129
137 163 128
137 180 135
137 235 131
138 34 123
138 107 136
138 128 127
138 142 125
138 144 129
138 184 136
138 203 122
138 230 120
139 16 122
139 69 135
139 79 120
139 100 139
139 111 124
139 127 124
139 130 116
139 141 135
139 160 117
139 187 132
139 195 127
139 202 122
139 205 122
139 219 122
139 229 129
139 230 117
139 242 119
139 245 117
140 10 140
140 17 129
140 18 117
140 19 115
140 30 133
140 48 115
140 68 126
140 149 120
140 198 122
140 237 122
140 254 134
141 25 120
141 31 121
141 40 132
141 47 133
141 73 120
141 82 139
141 84 124
141 103 116
141 108 140
141 137 119
141 188 136
141 213 125
141 219 137
141 237 117
142 19 128
142 44 123
142 105 129
142 136 121
142 137 135
142 159 122
142 206 128
142 230 132
142 233 123
142 244 123
143 70 132
143 107 119
143 124 139
143 153 127
143 198 130
143 227 138
143 243 129
143 245 136
144 7 125
144 11 133
144 39 128
144 64 121
144 78 128
144 81 120
144 109 117
144 127 133
144 180 130
144 211 121
144 220 122
144 241 123
144 244 135
145 23 116
145 34 124
145 53 121
145 92 118
145 99 140
145 121 135
145 123 125
145 137 135
145 209 122
146 15 119
146 45 116
146 54 139
146 70 128
146 104 121
146 115 135
146 140 134
146 164 120
146 195 137
146 236 123
146 249 126
146 251 123
147 56 139
147 68 124
147 70 124
147 95 138
147 99 123
147 102 127
147 157 120
147 184 120
147 190 133
147 203 137
147 208 116
147 230 126
147 246 137
148 5 139
148 82 121
148 167 121
148 170 125
148 183 121
148 188 123
148 191 129
148 213 140
148 251 137
149 21 123
149 74 116
149 79 129
149 82 118
149 187 140
149 189 129
149 204 124
149 216 122
149 231 116
149 239 136
149 243 132
149 244 124
150 15 132
150 23 136
150 93 138
150 100 116
150 104 133
150 108 138
150 121 124
150 143 128
150 148 139
150 173 135
150 255 121
151 49 133
151 52 123
151 64 116
151 70 132
151 75 132
151 97 115
151 105 117
151 111 118
151 129 129
151 130 121
151 186 128
151 218 129
151 224 131
151 241 123
152 5 134
152 8 132
152 14 137
152 23 118
152 25 135
152 65 137
152 111 131
152 117 133
152 127 130
152 135 117
152 146 133
152 150 124
152 153 128
152 173 124
152 219 138
152 223 129
152 229 139
153 0 119
153 10 132
153 28 137
153 33 124
153 38 118
153 39 132
153 70 131
153 81 140
153 84 140
153 117 132
153 120 125
153 121 132
153 131 116
153 203 121
153 213 140
153 244 116
153 252 124
154 7 135
154 52 133
154 90 123
154 142 130
154 151 120
154 153 136
154 164 136
154 174 119
154 179 137
154 194 137
154 227 115
154 243 134
155 3 129
155 13 118
155 35 120
155 69 137
155 74 115
155 80 132
155 81 136
155 109 122
155 124 116
155 138 115
155 175 128
155 221 138
155 243 140
155 255 119
156 20 138
156 25 131
156 33 124
156 37 133
156 46 137
156 76 137
156 77 125
156 97 129
156 146 120
156 200 130
156 204 118
156 213 139
156 222 122
157 19 116
157 43 117
157 70 121
157 79 115
157 89 121
157 121 128
157 129 129
157 153 124
157 154 140
157 164 133
157 181 130
157 210 119
157 214 134
157 248 115
158 10 133
158 15 132
158 42 133
158 103 126
158 118 117
158 123 122
158 153 127
158 161 135
158 195 133
158 209 117
158 213 134
158 221 134
158 223 137
159 4 139
159 17 125
159 36 125
159 62 125
159 108 127
159 146 116
159 165 136
159 169 134
159 185 116
159 217 116
159 244 125
159 249 135
159 255 116
160 23 139
160 34 130
160 65 129
160 70 127
160 72 127
160 79 116
160 84 127
160 89 135
160 103 126
160 120 122
160 121 134
160 145 125
160 233 139
160 239 122
161 3 131
161 15 123
161 29 119
161 31 117
161 40 130
161 45 126
161 128 131
161 147 133
161 186 139
161 224 120
162 66 131
162 68 133
162 83 127
162 84 133
162 88 122
162 114 135
162 119 132
162 127 126
162 140 138
162 141 125
162 145 120
162 156 127
162 210 118
162 218 136
162 242 140
162 246 135
163 66 122
163 68 119
163 71 138
163 109 123
163 112 131
163 114 125
163 174 125
163 185 132
163 215 131
163 226 119
164 13 122
164 28 136
164 32 136
164 43 123
164 80 133
164 98 116
164 133 133
164 135 136
164 152 115
164 182 124
164 236 139
164 242 117
165 38 123
165 52 121
165 65 139
165 100 120
165 125 137
165 147 123
165 156 136
165 175 136
165 176 128
165 200 120
165 201 133
165 207 129
165 221 131
165 253 133
166 16 133
166 59 122
166 88 139
166 112 116
166 121 122
166 142 125
166 152 134
166 156 136
166 160 125
166 187 120
166 211 116
166 237 127
166 243 135
167 6 116
167 18 115
167 29 129
167 52 116
167 60 136
167 74 121
167 91 115
167 108 138
167 128 135
167 132 138
167 162 126
167 186 117
167 211 140
167 223 125
167 231 134
168 8 134
168 11 128
168 19 139
168 30 137
168 42 125
168 57 139
168 74 116
168 76 124
168 113 139
168 117 118
168 121 138
168 125 119
168 145 127
168 240 134
168 254 134
169 26 119
169 36 119
169 59 127
169 75 136
169 103 126
169 205 125
170 2 120
170 8 120
170 17 124
170 44 119
170 74 126
170 87 123
170 98 124
170 126 129
170 128 125
170 132 134
170 166 128
170 175 116
170 190 128
170 201 117
170 203 120
170 233 115
170 238 131
171 1 125
171 59 139
171 61 132
171 68 132
171 131 126
171 139 138
171 170 139
172 3 132
172 64 128
172 75 117
172 80 139
172 92 124
172 96 117
172 103 115
172 108 130
172 120 122
172 121 136
172 140 120
172 182 127
172 225 127
173 1 135
173 23 127
173 30 126
173 36 125
173 50 116
173 66 119
173 75 125
173 102 115
173 109 137
173 121 129
173 133 129
173 150 124
173 181 130
173 183 116
173 186 132
173 220 139
173 228 115
173 242 136
174 0 127
174 5 119
174 11 139
174 22 132
174 26 132
174 28 124
174 54 121
174 61 115
174 75 140
174 120 127
174 130 140
174 165 138
174 172 132
174 191 124
174 196 131
174 197 133
174 208 132
174 213 120
174 243 129
175 14 125
175 68 124
175 97 133
175 110 123
175 198 135
175 206 129
175 209 116
175 235 134
175 237 133
176 20 125
176 24 132
176 32 138
176 39 138
176 66 120
176 75 133
176 143 122
177 55 128
177 64 132
177 101 138
177 106 124
177 139 123
177 169 126
177 198 139
177 200 132
177 219 117
177 230 121
178 16 115
178 38 139
178 58 135
178 79 134
178 141 128
178 157 123
178 177 123
178 203 122
178 222 133
179 0 137
179 132 116
179 158 115
179 187 128
179 193 134
180 2 134
180 7 122
180 16 128
180 24 129
180 48 138
180 49 137
180 55 137
180 63 115
180 75 122
180 82 135
180 84 117
180 94 133
180 131 138
180 184 133
180 210 119
180 214 121
180 219 119
180 221 138
181 0 134
181 8 130
181 70 119
181 100 140
181 101 135
181 110 122
181 117 126
181 137 136
181 139 121
181 154 132
181 167 116
181 179 127
181 209 131
181 212 140
181 230 115
181 245 121
182 2 132
182 15 119
182 48 124
182 59 122
182 126 130
182 128 122
182 130 136
182 144 124
182 145 128
182 169 126
182 195 116
182 216 124
182 223 121
182 224 133
182 247 136
183 7 132
183 31 116
183 32 125
183 43 115
183 54 122
183 59 134
183 71 120
183 88 134
183 107 120
183 133 122
183 158 131
183 217 116
183 232 120
183 237 139
183 242 137
184 44 137
184 64 118
184 67 133
184 98 125
184 103 115
184 108 126
184 110 132
184 151 125
184 177 130
184 193 123
184 215 129
184 233 138
184 249 130
184 255 140
185 2 136
185 50 126
185 100 120
185 166 119
185 204 121
185 243 127
186 24 119
186 41 125
186 42 120
186 43 118
186 74 115
186 76 130
186 105 124
186 116 137
186 139 121
186 188 117
186 232 121
186 238 123
187 15 126
187 27 133
187 95 130
187 127 131
187 133 117
187 161 132
187 163 138
187 173 115
187 179 122
187 186 127
187 195 122
187 205 119
187 206 139
187 250 124
187 255 135
188 1 133
188 21 127
188 36 121
188 46 123
188 53 116
188 80 126
188 85 121
188 108 122
188 117 124
188 133 124
188 141 116
188 149 140
188 152 130
188 172 136
188 179 137
188 215 125
188 221 135
188 243 124
188 244 130
188 250 116
189 17 125
189 21 134
189 26 132
189 72 134
189 110 116
189 114 120
189 125 125
189 134 115
189 169 132
189 187 128
189 208 139
189 232 127
190 1 130
190 31 115
190 34 140
190 37 120
190 59 117
190 70 127
190 97 120
190 114 129
190 128 134
190 134 136
190 155 127
190 166 138
190 193 132
190 194 118
190 215 134
190 216 140
190 223 119
190 237 126
190 239 124
190 241 119
191 5 127
191 11 119
191 97 132
191 129 115
191 145 123
191 161 124
191 215 119
191 219 133
191 237 115
192 5 116
192 98 123
192 107 127
192 184 139
192 202 137
192 203 133
192 208 134
192 232 120
192 234 117
192 239 121
192 242 127
193 9 120
193 30 137
193 52 140
193 78 128
193 94 126
193 113 132
193 163 122
193 164 122
193 176 126
193 177 140
193 187 134
193 189 115
193 223 124
193 225 139
193 239 129
194 13 122
194 47 132
194 54 121
194 63 140
194 67 140
194 71 137
194 80 138
194 84 140
194 88 130
194 110 133
194 111 119
194 120 135
194 136 135
194 139 116
194 151 130
194 161 124
194 180 129
194 226 131
194 237 122
195 0 138
195 42 128
195 47 121
195 67 132
195 161 129
195 166 138
195 176 133
195 180 123
195 190 135
195 191 140
195 215 118
195 224 118
196 3 131
196 24 129
196 27 122
196 48 117
196 65 140
196 66 130
196 106 121
196 110 139
196 116 134
196 138 138
196 148 131
196 187 137
196 209 119
196 244 134
197 12 138
197 24 130
197 29 137
197 41 116
197 52 126
197 77 128
197 115 124
197 123 134
197 135 117
197 138 130
197 143 129
197 147 124
197 160 125
197 164 121
197 170 123
197 174 130
197 185 138
197 215 134
197 218 130
197 224 132
197 235 117
197 248 122
198 37 121
198 112 124
198 142 138
198 144 132
198 146 127
198 170 117
198 172 135
198 185 116
198 194 139
198 230 127
198 232 129
199 6 117
199 18 130
199 25 118
199 29 122
199 71 129
199 72 140
199 78 129
199 82 125
199 88 129
199 110 116
199 124 118
199 156 138
199 180 135
199 202 134
200 3 140
200 33 122
200 49 135
200 98 140
200 116 117
200 136 138
200 146 124
200 159 116
200 163 134
200 213 128
200 219 127
200 224 124
200 230 135
200 240 131
201 35 118
201 49 116
201 73 121
201 95 126
201 98 120
201 99 134
201 113 134
201 114 121
201 130 124
201 170 122
201 191 133
202 37 116
202 40 128
202 104 125
202 141 118
202 143 117
202 169 137
202 174 137
202 176 132
202 204 121
202 216 139
202 236 116
203 1 125
203 20 129
203 29 137
203 63 117
203 116 135
203 129 122
203 182 120
203 205 129
203 224 118
203 225 129
203 241 117
204 13 125
204 26 131
204 28 118
204 54 133
204 66 126
204 89 137
204 101 133
204 102 135
204 108 140
204 112 132
204 141 137
204 167 118
204 168 126
204 169 137
204 191 128
204 221 139
205 0 139
205 4 124
205 16 123
205 25 127
205 36 137
205 50 117
205 56 124
205 74 137
205 93 131
205 117 134
205 121 126
205 123 130
205 132 120
205 134 138
205 242 125
205 246 121
206 2 121
206 16 129
206 20 121
206 21 138
206 51 124
206 52 129
206 78 118
206 96 116
206 105 137
206 117 116
206 121 117
206 137 133
206 178 120
206 193 121
206 196 133
207 13 136
207 25 138
207 131 129
207 142 116
207 154 135
207 165 117
207 178 119
207 203 128
207 208 127
207 223 124
207 227 115
207 250 119
207 251 135
208 8 133
208 81 133
208 97 130
208 104 124
208 136 124
208 140 123
208 143 121
208 169 118
208 176 135
208 178 131
208 188 136
208 194 124
208 199 116
209 5 135
209 8 128
209 19 135
209 39 138
209 52 129
209 54 135
209 79 133
209 81 133
209 125 117
209 153 128
209 174 138
209 179 134
209 192 121
209 195 123
209 205 119
209 214 115
209 252 127
210 12 117
210 13 132
210 14 140
210 15 123
210 22 132
210 26 120
210 80 127
210 86 129
210 90 132
210 119 137
210 129 124
210 144 135
210 163 125
210 171 137
210 204 115
210 213 127
210 222 124
210 229 129
210 254 133
211 12 125
211 36 133
211 38 137
211 60 130
211 67 122
211 92 137
211 95 126
211 110 135
211 140 124
211 143 135
211 152 137
211 170 123
211 175 134
211 226 126
212 23 130
212 74 123
212 122 120
212 132 135
212 150 140
212 186 121
212 221 124
213 34 120
213 63 124
213 69 122
213 78 115
213 79 139
213 83 138
213 106 130
213 134 118
213 156 132
213 158 134
213 163 130
213 174 133
213 187 136
213 193 140
213 202 126
213 204 123
213 226 118
213 241 121
213 249 116
214 4 136
214 16 123
214 22 132
214 49 116
214 84 128
214 97 140
214 107 140
214 108 138
214 129 137
214 168 140
214 169 129
214 172 118
214 194 122
214 206 134
214 245 119
215 3 135
215 19 137
215 32 122
215 105 127
215 109 116
215 129 122
215 136 140
215 178 119
215 185 134
215 193 137
215 210 138
215 227 140
216 0 129
216 21 123
216 23 133
216 40 124
216 44 125
216 63 117
216 103 138
216 115 129
216 121 130
216 133 117
216 171 123
216 180 119
216 235 131
217 3 127
217 19 137
217 39 131
217 104 134
217 118 123
217 134 132
217 191 134
217 199 121
217 207 122
217 216 138
218 21 123
218 22 119
218 84 123
218 117 126
218 156 120
218 184 139
218 207 138
218 216 124
218 228 120
219 12 135
219 43 124
219 46 134
219 98 115
219 104 124
219 176 122
219 190 138
219 205 130
219 209 134
219 218 130
220 29 115
220 73 124
220 91 133
220 119 115
220 145 130
220 150 129
220 171 125
220 209 128
220 222 124
221 10 131
221 33 126
221 69 136
221 110 133
221 120 115
221 134 118
221 175 122
221 181 130
221 190 124
221 199 119
221 205 125
221 206 118
221 211 135
222 1 140
222 24 120
222 31 136
222 32 135
222 59 137
222 115 139
222 120 116
222 131 129
222 138 130
222 142 140
222 143 139
222 159 116
222 202 134
222 229 117
222 235 120
223 1 127
223 3 130
223 28 123
223 32 136
223 33 137
223 40 138
223 43 127
223 136 135
223 140 140
223 166 115
223 187 125
223 212 116
223 221 128
223 225 122
223 250 127
224 12 137
224 32 116
224 69 119
224 90 120
224 132 124
224 133 121
224 189 121
224 229 135
225 0 122
225 15 119
225 43 132
225 53 128
225 78 119
225 85 134
225 119 120
225 157 137
225 216 125
225 228 135
225 230 120
225 233 130
226 18 130
226 36 122
226 69 138
226 74 121
226 75 123
226 78 116
226 80 139
226 111 140
226 134 121
226 155 139
226 156 139
226 185 138
226 189 131
226 200 126
226 239 138
226 252 136
227 7 131
227 83 138
227 148 130
227 170 132
227 198 139
227 220 130
227 249 133
228 16 129
228 22 129
228 29 115
228 55 115
228 63 118
228 68 138
228 76 122
228 89 138
228 122 120
228 143 120
228 165 120
228 206 131
228 209 124
228 215 134
228 229 121
229 57 134
229 60 126
229 69 134
229 89 124
229 100 120
229 127 133
229 133 133
229 182 117
229 213 117
229 222 140
230 3 131
230 41 128
230 55 125
230 64 124
230 70 130
230 81 130
230 137 115
230 173 121
230 215 135
230 231 117
230 250 132
230 251 137
231 14 116
231 18 122
231 25 119
231 61 117
231 83 138
231 121 129
231 133 129
231 136 137
231 142 122
231 143 134
231 163 138
231 164 120
231 208 129
231 234 125
231 251 119
232 12 126
232 53 137
232 70 131
232 72 136
232 85 120
232 87 129
232 132 135
232 146 139
232 150 125
232 181 127
232 212 131
232 223 126
232 229 135
232 238 116
232 241 119
233 16 130
233 23 115
233 34 119
233 47 120
233 62 130
233 78 137
233 80 115
233 81 122
233 87 133
233 88 132
233 92 138
233 97 118
233 108 123
233 113 118
233 125 120
233 140 119
233 153 126
233 160 136
233 175 117
233 202 131
233 212 119
233 244 127
234 8 130
234 12 127
234 18 133
234 28 136
234 31 131
234 34 116
234 45 118
234 102 121
234 116 122
234 162 130
234 164 134
234 179 132
234 233 128
234 237 133
234 248 117
235 67 125
235 98 138
235 120 134
235 127 126
235 138 118
235 149 117
235 175 115
235 178 136
235 201 116
235 218 129
235 221 131
236 8 140
236 23 115
236 38 115
236 42 124
236 63 118
236 67 133
236 71 132
236 94 126
236 122 120
236 209 140
236 218 134
236 219 128
236 230 130
237 5 135
237 48 132
237 165 130
237 177 129
237 204 136
237 211 117
238 5 119
238 28 118
238 66 126
238 68 138
238 71 121
238 133 130
238 134 132
238 138 135
238 143 137
238 173 131
238 187 127
238 205 137
239 7 118
239 47 122
239 70 132
239 77 118
239 83 140
239 88 120
239 94 128
239 98 134
239 149 133
239 155 122
239 241 123
239 249 134
240 7 138
240 16 129
240 19 119
240 49 127
240 65 140
240 66 123
240 67 116
240 78 122
240 86 131
240 92 138
240 108 125
240 122 126
240 163 133
240 172 118
240 185 137
240 195 130
240 197 130
240 215 137
240 242 115
240 245 139
240 255 133
241 15 122
241 30 123
241 31 118
241 40 135
241 50 116
241 51 124
241 87 126
241 96 139
241 167 127
241 200 128
241 202 118
242 8 127
242 9 126
242 11 119
242 13 138
242 46 131
242 47 133
242 48 133
242 53 133
242 66 139
242 67 136
242 94 118
242 98 127
242 139 128
242 157 129
242 172 115
242 178 138
242 190 122
242 209 127
242 216 137
242 230 134
242 231 140
242 234 131
242 237 120
242 248 129
242 253 125
243 3 134
243 11 121
243 52 123
243 61 126
243 64 128
243 99 120
243 103 119
243 134 120
243 144 134
243 160 126
243 184 119
243 186 126
243 196 131
243 214 116
243 221 139
243 225 116
243 236 131
243 237 131
243 241 136
243 246 122
244 3 128
244 16 115
244 39 118
244 69 123
244 82 119
244 97 125
244 99 122
244 131 120
244 136 140
244 148 128
244 152 126
244 159 138
244 170 134
244 194 129
244 216 138
244 220 135
244 232 136
245 7 136
245 16 127
245 32 128
245 43 115
245 65 139
245 81 128
245 100 140
245 106 138
245 122 134
245 143 124
245 176 127
245 191 119
245 193 120
245 199 126
245 230 122
246 4 116
246 15 133
246 16 139
246 47 134
246 72 124
246 75 119
246 102 118
246 109 126
246 129 124
246 135 121
246 150 120
246 193 132
246 199 117
246 247 137
247 10 122
247 13 135
247 20 135
247 36 127
247 58 121
247 73 119
247 77 116
247 96 123
247 109 118
247 153 124
247 213 115
247 215 140
247 232 138
247 233 116
248 0 129
248 40 123
248 65 137
248 66 119
248 70 140
248 106 133
248 118 122
248 156 140
248 166 125
248 173 117
248 240 123
248 241 126
248 251 115
249 30 124
249 74 122
249 75 124
249 95 126
249 145 116
249 181 125
249 187 134
249 222 129
249 251 133
250 17 116
250 22 124
250 40 136
250 51 118
250 68 131
250 73 130
250 120 120
250 128 134
250 146 126
250 150 138
250 151 127
250 168 124
250 216 131
250 252 125
251 23 124
251 49 125
251 76 140
251 79 120
251 137 118
251 144 140
251 161 138
251 192 130
251 237 129
252 3 123
252 4 130
252 28 121
252 32 129
252 50 124
252 71 133
252 77 130
252 89 129
252 100 121
252 109 129
252 110 131
252 115 122
252 122 127
252 140 137
252 154 121
252 157 121
252 197 118
252 214 126
252 220 121
252 228 127
252 246 129
253 68 116
253 71 116
253 101 132
253 134 137
253 145 119
253 166 134
253 178 139
253 200 120
253 210 121
253 222 122
253 236 140
253 239 117
253 246 120
253 248 115
254 18 135
254 39 124
254 63 130
254 73 117
254 84 140
254 158 116
254 165 132
254 168 135
254 177 134
254 209 134
254 210 117
254 214 119
254 219 124
254 221 131
254 226 129
254 231 121
254 245 137
254 248 130
255 3 119
255 4 133
255 15 126
255 41 122
255 43 131
255 53 137
255 63 138
255 84 116
255 90 120
255 107 126
255 155 124
255 182 127
255 183 119
255 206 140
255 219 126
255 225 121
255 244 115
255 246 139
255 247 140
