64
0 21 28
0 30 32
0 53 28
0 61 34
1 5 34
2 8 34
2 19 32
2 21 31
2 23 29
2 40 31
2 47 28
2 61 35
3 0 28
3 7 29
3 14 28
3 38 34
3 43 35
3 59 31
4 28 28
4 47 29
4 53 33
5 1 33
5 24 33
6 2 28
7 8 35
7 31 32
7 63 30
8 7 32
8 57 35
9 25 31
9 56 28
10 31 32
10 43 28
10 60 34
11 6 32
11 16 34
11 17 28
11 26 34
11 51 33
11 60 29
12 6 31
12 25 32
12 39 31
12 46 35
12 54 33
12 56 35
12 61 28
13 4 29
13 11 29
13 50 34
13 62 29
14 2 31
14 9 32
14 19 29
15 6 30
15 11 33
15 17 33
15 29 32
15 31 35
15 36 35
16 21 28
16 26 29
16 31 31
16 48 34
16 54 30
17 27 28
17 37 31
17 47 35
17 56 30
17 62 30
18 2 30
18 37 30
18 57 29
19 37 35
20 42 32
20 43 30
21 0 29
21 12 31
21 19 29
21 24 32
21 28 32
21 42 28
21 48 31
21 59 28
22 48 34
22 55 28
22 56 28
23 57 33
24 3 28
24 8 34
24 25 34
24 58 29
25 12 28
25 34 34
25 38 32
25 39 30
26 7 33
26 10 30
26 44 32
26 45 34
26 49 28
26 55 32
27 37 35
28 20 34
28 34 35
28 56 35
29 24 28
29 26 31
29 56 33
30 8 32
30 31 30
30 59 30
31 4 29
31 28 34
31 33 34
31 35 32
31 41 34
32 14 31
32 16 35
32 20 30
32 28 28
32 50 35
32 62 32
33 29 35
33 50 28
34 18 30
34 27 31
34 28 34
34 39 28
35 17 30
35 30 33
36 5 33
36 16 30
36 35 30
37 3 31
37 10 30
37 18 32
37 19 31
37 42 31
37 46 31
38 3 30
38 6 31
38 10 35
38 20 35
38 24 35
38 36 28
38 37 35
38 49 29
38 62 33
39 6 31
39 11 33
39 16 32
39 22 34
39 27 34
39 35 29
39 48 34
39 54 33
40 2 34
40 12 29
40 41 35
41 1 33
41 7 29
41 16 33
41 25 32
41 38 32
41 46 35
41 49 35
41 50 32
41 51 28
41 53 28
42 10 29
42 34 33
42 36 30
42 63 28
43 34 33
43 39 32
43 50 32
44 1 34
44 14 29
44 22 31
45 9 34
45 30 34
46 23 28
46 38 35
46 42 35
46 44 30
47 12 31
47 13 34
47 14 32
47 26 32
47 39 32
47 62 33
48 1 34
48 9 32
48 11 31
48 26 32
48 57 30
49 0 30
49 6 31
49 10 29
49 16 28
49 29 33
50 6 34
50 14 29
50 21 31
50 59 28
51 17 34
52 5 28
52 13 29
52 56 28
53 32 35
53 45 30
53 47 28
53 54 33
53 62 30
54 16 30
54 26 31
54 56 28
55 8 33
55 37 30
55 61 33
56 11 33
56 33 31
56 37 32
56 55 29
57 3 35
57 29 30
57 55 30
57 60 31
58 27 35
58 45 33
59 25 33
59 26 28
60 6 28
60 13 30
60 15 33
60 21 32
60 29 34
60 30 32
60 61 31
61 24 35
61 34 32
61 40 28
61 63 34
62 1 32
62 4 34
63 8 32
63 35 34
63 38 34
63 42 35
63 43 31
63 54 31
